5,1.9995E-20
5.0115,1.946E-20
5.0231,1.894E-20
5.0347,1.8435E-20
5.0463,1.7944E-20
5.0579,1.7467E-20
5.0696,1.7003E-20
5.0813,1.6552E-20
5.093,1.6114E-20
5.1047,1.5689E-20
5.1165,1.5275E-20
5.1283,1.4872E-20
5.1401,1.4481E-20
5.152,1.4101E-20
5.1639,1.3732E-20
5.1758,1.3372E-20
5.1877,1.3023E-20
5.1997,1.2683E-20
5.2117,1.2352E-20
5.2237,1.2031E-20
5.2357,1.1718E-20
5.2478,1.1414E-20
5.2599,1.1119E-20
5.272,1.0831E-20
5.2842,1.0551E-20
5.2964,1.0279E-20
5.3086,1.0015E-20
5.3208,9.7572E-21
5.3331,9.5066E-21
5.3454,9.2629E-21
5.3577,9.0258E-21
5.3701,8.795E-21
5.3825,8.5705E-21
5.3949,8.352E-21
5.4073,8.1394E-21
5.4198,7.9325E-21
5.4323,7.7311E-21
5.4448,7.5351E-21
5.4574,7.3444E-21
5.4699,7.1587E-21
5.4826,6.978E-21
5.4952,6.8021E-21
5.5079,6.6309E-21
5.5206,6.4642E-21
5.5333,6.3019E-21
5.5461,6.1439E-21
5.5589,5.9901E-21
5.5717,5.8403E-21
5.5845,5.6945E-21
5.5974,5.5526E-21
5.6103,5.4143E-21
5.6232,5.2797E-21
5.6362,5.1486E-21
5.6492,5.021E-21
5.6622,4.8967E-21
5.6753,4.7756E-21
5.6884,4.6577E-21
5.7015,4.5428E-21
5.7146,4.431E-21
5.7278,4.322E-21
5.741,4.2159E-21
5.7543,4.1125E-21
5.7675,4.0118E-21
5.7808,3.9137E-21
5.7942,3.8181E-21
5.8075,3.725E-21
5.8209,3.6343E-21
5.8343,3.546E-21
5.8478,3.4599E-21
5.8613,3.376E-21
5.8748,3.2943E-21
5.8884,3.2146E-21
5.9019,3.137E-21
5.9155,3.0614E-21
5.9292,2.9877E-21
5.9429,2.9159E-21
5.9566,2.8459E-21
5.9703,2.7777E-21
5.9841,2.7112E-21
5.9979,2.6465E-21
6.0117,2.5833E-21
6.0256,2.5218E-21
6.0394,2.4618E-21
6.0534,2.4034E-21
6.0673,2.3464E-21
6.0813,2.2908E-21
6.0954,2.2367E-21
6.1094,2.1839E-21
6.1235,2.1325E-21
6.1376,2.0823E-21
6.1518,2.0334E-21
6.166,1.9858E-21
6.1802,1.9393E-21
6.1944,1.894E-21
6.2087,1.8498E-21
6.223,1.8068E-21
6.2374,1.7648E-21
6.2518,1.7238E-21
6.2662,1.6839E-21
6.2806,1.645E-21
6.2951,1.6071E-21
6.3096,1.5701E-21
6.3242,1.534E-21
6.3388,1.4988E-21
6.3534,1.4645E-21
6.368,1.431E-21
6.3827,1.3984E-21
6.3974,1.3666E-21
6.4122,1.3356E-21
6.427,1.3053E-21
6.4418,1.2758E-21
6.4566,1.2471E-21
6.4715,1.219E-21
6.4865,1.1916E-21
6.5014,1.165E-21
6.5164,1.1389E-21
6.5314,1.1135E-21
6.5465,1.0888E-21
6.5616,1.0646E-21
6.5767,1.0411E-21
6.5919,1.0181E-21
6.6071,9.9572E-22
6.6223,9.7388E-22
6.6376,9.5257E-22
6.6529,9.3179E-22
6.6682,9.1152E-22
6.6836,8.9175E-22
6.699,8.7247E-22
6.7145,8.5367E-22
6.73,8.3533E-22
6.7455,8.1744E-22
6.761,7.9999E-22
6.7766,7.8298E-22
6.7923,7.6638E-22
6.8079,7.5019E-22
6.8236,7.3441E-22
6.8394,7.1901E-22
6.8551,7.04E-22
6.8709,6.8935E-22
6.8868,6.7507E-22
6.9027,6.6114E-22
6.9186,6.4756E-22
6.9345,6.3431E-22
6.9505,6.2139E-22
6.9666,6.0879E-22
6.9826,5.9651E-22
6.9987,5.8453E-22
7.0149,5.7284E-22
7.031,5.6145E-22
7.0473,5.5034E-22
7.0635,5.3951E-22
7.0798,5.2895E-22
7.0961,5.1866E-22
7.1125,5.0862E-22
7.1289,4.9883E-22
7.1453,4.8929E-22
7.1618,4.7999E-22
7.1783,4.7092E-22
7.1949,4.6208E-22
7.2115,4.5346E-22
7.2281,4.4506E-22
7.2448,4.3688E-22
7.2615,4.289E-22
7.2782,4.2112E-22
7.295,4.1355E-22
7.3118,4.0616E-22
7.3287,3.9897E-22
7.3456,3.9196E-22
7.3625,3.8513E-22
7.3795,3.7847E-22
7.3965,3.7199E-22
7.4136,3.6567E-22
7.4307,3.5952E-22
7.4478,3.5353E-22
7.465,3.4769E-22
7.4822,3.4201E-22
7.4994,3.3648E-22
7.5167,3.3109E-22
7.5341,3.2585E-22
7.5514,3.2074E-22
7.5689,3.1577E-22
7.5863,3.1093E-22
7.6038,3.0623E-22
7.6213,3.0165E-22
7.6389,2.9719E-22
7.6565,2.9285E-22
7.6742,2.8864E-22
7.6919,2.8454E-22
7.7096,2.8055E-22
7.7274,2.7667E-22
7.7452,2.7291E-22
7.7631,2.6924E-22
7.781,2.6568E-22
7.7989,2.6223E-22
7.8169,2.5887E-22
7.8349,2.5561E-22
7.853,2.5244E-22
7.8711,2.4937E-22
7.8893,2.4639E-22
7.9074,2.4349E-22
7.9257,2.4069E-22
7.944,2.3797E-22
7.9623,2.3533E-22
7.9806,2.3278E-22
7.999,2.3031E-22
8.0175,2.2792E-22
8.036,2.256E-22
8.0545,2.2337E-22
8.0731,2.212E-22
8.0917,2.1912E-22
8.1104,2.171E-22
8.1291,2.1516E-22
8.1478,2.1329E-22
8.1666,2.1149E-22
8.1854,2.0975E-22
8.2043,2.0809E-22
8.2232,2.0649E-22
8.2422,2.0496E-22
8.2612,2.035E-22
8.2802,2.021E-22
8.2993,2.0077E-22
8.3185,1.9951E-22
8.3377,1.983E-22
8.3569,1.9717E-22
8.3762,1.961E-22
8.3955,1.9509E-22
8.4148,1.9415E-22
8.4342,1.9327E-22
8.4537,1.9247E-22
8.4732,1.9172E-22
8.4927,1.9105E-22
8.5123,1.9044E-22
8.5319,1.899E-22
8.5516,1.8944E-22
8.5713,1.8904E-22
8.5911,1.8872E-22
8.6109,1.8848E-22
8.6308,1.8831E-22
8.6507,1.8822E-22
8.6706,1.8821E-22
8.6906,1.8829E-22
8.7106,1.8846E-22
8.7307,1.8872E-22
8.7509,1.8908E-22
8.771,1.8954E-22
8.7913,1.901E-22
8.8115,1.9078E-22
8.8319,1.9157E-22
8.8522,1.9249E-22
8.8726,1.9354E-22
8.8931,1.9473E-22
8.9136,1.9607E-22
8.9342,1.9757E-22
8.9548,1.9925E-22
8.9754,2.011E-22
8.9961,2.0316E-22
9.0169,2.0544E-22
9.0377,2.0795E-22
9.0585,2.1073E-22
9.0794,2.1378E-22
9.1003,2.1714E-22
9.1213,2.2085E-22
9.1423,2.2493E-22
9.1634,2.2943E-22
9.1846,2.3441E-22
9.2057,2.3991E-22
9.227,2.46E-22
9.2482,2.5277E-22
9.2696,2.6031E-22
9.2909,2.6873E-22
9.3124,2.7817E-22
9.3338,2.8879E-22
9.3554,3.0081E-22
9.3769,3.1448E-22
9.3986,3.3013E-22
9.4202,3.4818E-22
9.442,3.6916E-22
9.4637,3.9382E-22
9.4856,4.2313E-22
9.5074,4.5848E-22
9.5294,5.0183E-22
9.5513,5.5615E-22
9.5734,6.2604E-22
9.5954,7.1911E-22
9.6176,8.489E-22
9.6397,1.0421E-21
9.662,1.3592E-21
9.6842,1.9746E-21
9.7066,3.6766E-21
9.729,3.0668E-20
9.7514,4.729E-21
9.7739,2.1742E-21
9.7964,1.4034E-21
9.819,1.032E-21
9.8417,8.1369E-22
9.8643,6.7018E-22
9.8871,5.6877E-22
9.9099,4.934E-22
9.9327,4.3525E-22
9.9557,3.8908E-22
9.9786,3.5158E-22
10.002,3.2055E-22
10.025,2.9448E-22
10.048,2.7229E-22
10.071,2.5319E-22
10.094,2.366E-22
10.117,2.2207E-22
10.141,2.0925E-22
10.164,1.9786E-22
10.188,1.8768E-22
10.211,1.7855E-22
10.235,1.703E-22
10.258,1.6283E-22
10.282,1.5603E-22
10.306,1.4982E-22
10.329,1.4413E-22
10.353,1.389E-22
10.377,1.3408E-22
10.401,1.2962E-22
10.425,1.2549E-22
10.449,1.2164E-22
10.473,1.1807E-22
10.497,1.1473E-22
10.522,1.116E-22
10.546,1.0868E-22
10.57,1.0593E-22
10.594,1.0334E-22
10.619,1.009E-22
10.643,9.8595E-23
10.668,9.6417E-23
10.693,9.4354E-23
10.717,9.2396E-23
10.742,9.0536E-23
10.767,8.8767E-23
10.791,8.7081E-23
10.816,8.5473E-23
10.841,8.3937E-23
10.866,8.2467E-23
10.891,8.106E-23
10.916,7.9711E-23
10.942,7.8417E-23
10.967,7.7172E-23
10.992,7.5976E-23
11.018,7.4824E-23
11.043,7.3713E-23
11.068,7.2642E-23
11.094,7.1608E-23
11.12,7.0608E-23
11.145,6.9641E-23
11.171,6.8704E-23
11.197,6.7797E-23
11.222,6.6917E-23
11.248,6.6063E-23
11.274,6.5234E-23
11.3,6.4428E-23
11.326,6.3645E-23
11.352,6.2882E-23
11.379,6.214E-23
11.405,6.1416E-23
11.431,6.0711E-23
11.458,6.0023E-23
11.484,5.9351E-23
11.51,5.8695E-23
11.537,5.8054E-23
11.564,5.7428E-23
11.59,5.6816E-23
11.617,5.6216E-23
11.644,5.563E-23
11.671,5.5055E-23
11.697,5.4493E-23
11.724,5.3941E-23
11.752,5.34E-23
11.779,5.287E-23
11.806,5.235E-23
11.833,5.1839E-23
11.86,5.1338E-23
11.888,5.0846E-23
11.915,5.0363E-23
11.943,4.9888E-23
11.97,4.9421E-23
11.998,4.8962E-23
12.025,4.8511E-23
12.053,4.8067E-23
12.081,4.763E-23
12.109,4.72E-23
12.137,4.6777E-23
12.165,4.6361E-23
12.193,4.5951E-23
12.221,4.5547E-23
12.249,4.515E-23
12.277,4.4758E-23
12.306,4.4372E-23
12.334,4.3991E-23
12.362,4.3616E-23
12.391,4.3247E-23
12.419,4.2882E-23
12.448,4.2523E-23
12.477,4.2168E-23
12.506,4.1819E-23
12.534,4.1474E-23
12.563,4.1133E-23
12.592,4.0798E-23
12.621,4.0466E-23
12.65,4.0139E-23
12.68,3.9816E-23
12.709,3.9498E-23
12.738,3.9183E-23
12.767,3.8872E-23
12.797,3.8565E-23
12.826,3.8262E-23
12.856,3.7963E-23
12.886,3.7668E-23
12.915,3.7376E-23
12.945,3.7087E-23
12.975,3.6802E-23
13.005,3.652E-23
13.035,3.6242E-23
13.065,3.5967E-23
13.095,3.5695E-23
13.125,3.5427E-23
13.156,3.5161E-23
13.186,3.4899E-23
13.216,3.4639E-23
13.247,3.4383E-23
13.277,3.4129E-23
13.308,3.3878E-23
13.339,3.363E-23
13.369,3.3385E-23
13.4,3.3142E-23
13.431,3.2902E-23
13.462,3.2665E-23
13.493,3.243E-23
13.524,3.2198E-23
13.555,3.1968E-23
13.587,3.1741E-23
13.618,3.1516E-23
13.649,3.1294E-23
13.681,3.1074E-23
13.712,3.0856E-23
13.744,3.064E-23
13.776,3.0427E-23
13.808,3.0216E-23
13.839,3.0007E-23
13.871,2.98E-23
13.903,2.9595E-23
13.935,2.9393E-23
13.968,2.9192E-23
14,2.8994E-23
14.032,2.8797E-23
14.064,2.8602E-23
14.097,2.841E-23
14.129,2.8219E-23
14.162,2.803E-23
14.195,2.7843E-23
14.227,2.7658E-23
14.26,2.7474E-23
14.293,2.7292E-23
14.326,2.7112E-23
14.359,2.6934E-23
14.392,2.6758E-23
14.425,2.6583E-23
14.459,2.641E-23
14.492,2.6238E-23
14.525,2.6068E-23
14.559,2.59E-23
14.592,2.5733E-23
14.626,2.5568E-23
14.66,2.5404E-23
14.694,2.5241E-23
14.727,2.5081E-23
14.761,2.4921E-23
14.795,2.4764E-23
14.83,2.4607E-23
14.864,2.4452E-23
14.898,2.4298E-23
14.932,2.4146E-23
14.967,2.3995E-23
15.001,2.3846E-23
15.036,2.3697E-23
15.071,2.355E-23
15.105,2.3405E-23
15.14,2.326E-23
15.175,2.3117E-23
15.21,2.2975E-23
15.245,2.2835E-23
15.28,2.2695E-23
15.316,2.2557E-23
15.351,2.242E-23
15.386,2.2284E-23
15.422,2.2149E-23
15.457,2.2016E-23
15.493,2.1883E-23
15.529,2.1752E-23
15.564,2.1622E-23
15.6,2.1493E-23
15.636,2.1364E-23
15.672,2.1237E-23
15.709,2.1111E-23
15.745,2.0986E-23
15.781,2.0863E-23
15.817,2.074E-23
15.854,2.0618E-23
15.89,2.0497E-23
15.927,2.0377E-23
15.964,2.0258E-23
16.001,2.014E-23
16.038,2.0023E-23
16.075,1.9907E-23
16.112,1.9792E-23
16.149,1.9677E-23
16.186,1.9564E-23
16.223,1.9452E-23
16.261,1.934E-23
16.298,1.9229E-23
16.336,1.9119E-23
16.374,1.901E-23
16.411,1.8902E-23
16.449,1.8795E-23
16.487,1.8689E-23
16.525,1.8583E-23
16.563,1.8478E-23
16.601,1.8374E-23
16.64,1.8271E-23
16.678,1.8169E-23
16.716,1.8067E-23
16.755,1.7966E-23
16.794,1.7866E-23
16.832,1.7767E-23
16.871,1.7668E-23
16.91,1.757E-23
16.949,1.7473E-23
16.988,1.7377E-23
17.027,1.7281E-23
17.067,1.7186E-23
17.106,1.7092E-23
17.145,1.6999E-23
17.185,1.6906E-23
17.225,1.6814E-23
17.264,1.6722E-23
17.304,1.6631E-23
17.344,1.6541E-23
17.384,1.6452E-23
17.424,1.6363E-23
17.464,1.6275E-23
17.505,1.6187E-23
17.545,1.61E-23
17.585,1.6014E-23
17.626,1.5928E-23
17.667,1.5843E-23
17.707,1.5759E-23
17.748,1.5675E-23
17.789,1.5592E-23
17.83,1.5509E-23
17.871,1.5427E-23
17.912,1.5346E-23
17.954,1.5265E-23
17.995,1.5185E-23
18.037,1.5105E-23
18.078,1.5026E-23
18.12,1.4947E-23
18.162,1.4869E-23
18.204,1.4791E-23
18.246,1.4714E-23
18.288,1.4638E-23
18.33,1.4562E-23
18.372,1.4487E-23
18.414,1.4412E-23
18.457,1.4338E-23
18.499,1.4264E-23
18.542,1.419E-23
18.585,1.4118E-23
18.628,1.4045E-23
18.671,1.3974E-23
18.714,1.3902E-23
18.757,1.3831E-23
18.8,1.3761E-23
18.844,1.3691E-23
18.887,1.3622E-23
18.931,1.3553E-23
18.974,1.3484E-23
19.018,1.3416E-23
19.062,1.3349E-23
19.106,1.3282E-23
19.15,1.3215E-23
19.194,1.3149E-23
19.238,1.3083E-23
19.283,1.3018E-23
19.327,1.2953E-23
19.372,1.2889E-23
19.416,1.2825E-23
19.461,1.2761E-23
19.506,1.2698E-23
19.551,1.2635E-23
19.596,1.2573E-23
19.641,1.2511E-23
19.686,1.245E-23
19.732,1.2389E-23
19.777,1.2328E-23
19.823,1.2268E-23
19.869,1.2208E-23
19.915,1.2148E-23
19.96,1.2089E-23
20.006,1.203E-23
20.053,1.1972E-23
20.099,1.1914E-23
20.145,1.1857E-23
20.192,1.1799E-23
20.238,1.1743E-23
20.285,1.1686E-23
20.332,1.163E-23
20.379,1.1574E-23
20.426,1.1519E-23
20.473,1.1464E-23
20.52,1.1409E-23
20.567,1.1355E-23
20.615,1.1301E-23
20.662,1.1247E-23
20.71,1.1194E-23
20.758,1.1141E-23
20.805,1.1088E-23
20.853,1.1036E-23
20.901,1.0984E-23
20.95,1.0933E-23
20.998,1.0881E-23
21.046,1.083E-23
21.095,1.078E-23
21.144,1.0729E-23
21.192,1.0679E-23
21.241,1.063E-23
21.29,1.058E-23
21.339,1.0531E-23
21.389,1.0483E-23
21.438,1.0434E-23
21.487,1.0386E-23
21.537,1.0338E-23
21.586,1.0291E-23
21.636,1.0243E-23
21.686,1.0197E-23
21.736,1.015E-23
21.786,1.0104E-23
21.837,1.0057E-23
21.887,1.0012E-23
21.937,9.9662E-24
21.988,9.9209E-24
22.039,9.876E-24
22.089,9.8314E-24
22.14,9.787E-24
22.191,9.7429E-24
22.243,9.699E-24
22.294,9.6555E-24
22.345,9.6122E-24
22.397,9.5691E-24
22.449,9.5264E-24
22.5,9.4839E-24
22.552,9.4416E-24
22.604,9.3997E-24
22.656,9.3579E-24
22.709,9.3165E-24
22.761,9.2752E-24
22.813,9.2343E-24
22.866,9.1936E-24
22.919,9.1531E-24
22.972,9.1129E-24
23.025,9.0729E-24
23.078,9.0331E-24
23.131,8.9937E-24
23.184,8.9544E-24
23.238,8.9154E-24
23.291,8.8766E-24
23.345,8.8381E-24
23.399,8.7997E-24
23.453,8.7617E-24
23.507,8.7238E-24
23.561,8.6862E-24
23.615,8.6488E-24
23.67,8.6116E-24
23.724,8.5747E-24
23.779,8.5379E-24
23.834,8.5014E-24
23.889,8.4651E-24
23.944,8.4291E-24
23.999,8.3932E-24
24.055,8.3576E-24
24.11,8.3222E-24
24.166,8.2869E-24
24.221,8.2519E-24
24.277,8.2171E-24
24.333,8.1825E-24
24.389,8.1482E-24
24.446,8.114E-24
24.502,8.08E-24
24.558,8.0462E-24
24.615,8.0127E-24
24.672,7.9793E-24
24.729,7.9461E-24
24.786,7.9131E-24
24.843,7.8804E-24
24.9,7.8478E-24
24.958,7.8154E-24
25.015,7.7832E-24
25.073,7.7511E-24
25.131,7.7193E-24
25.189,7.6877E-24
25.247,7.6562E-24
25.305,7.625E-24
25.363,7.5939E-24
25.422,7.563E-24
25.48,7.5323E-24
25.539,7.5017E-24
25.598,7.4714E-24
25.657,7.4412E-24
25.716,7.4112E-24
25.776,7.3813E-24
25.835,7.3517E-24
25.895,7.3222E-24
25.954,7.2929E-24
26.014,7.2638E-24
26.074,7.2348E-24
26.134,7.206E-24
26.194,7.1774E-24
26.255,7.1489E-24
26.315,7.1206E-24
26.376,7.0925E-24
26.437,7.0645E-24
26.498,7.0367E-24
26.559,7.0091E-24
26.62,6.9816E-24
26.682,6.9543E-24
26.743,6.9271E-24
26.805,6.9001E-24
26.867,6.8732E-24
26.929,6.8465E-24
26.991,6.82E-24
27.053,6.7936E-24
27.115,6.7674E-24
27.178,6.7413E-24
27.241,6.7154E-24
27.303,6.6896E-24
27.366,6.664E-24
27.429,6.6385E-24
27.493,6.6131E-24
27.556,6.588E-24
27.62,6.5629E-24
27.683,6.538E-24
27.747,6.5133E-24
27.811,6.4886E-24
27.875,6.4642E-24
27.94,6.4398E-24
28.004,6.4156E-24
28.069,6.3916E-24
28.133,6.3677E-24
28.198,6.3439E-24
28.263,6.3203E-24
28.328,6.2968E-24
28.394,6.2734E-24
28.459,6.2502E-24
28.525,6.2271E-24
28.591,6.2041E-24
28.656,6.1812E-24
28.723,6.1585E-24
28.789,6.136E-24
28.855,6.1135E-24
28.922,6.0912E-24
28.988,6.069E-24
29.055,6.0469E-24
29.122,6.025E-24
29.189,6.0032E-24
29.257,5.9815E-24
29.324,5.9599E-24
29.392,5.9385E-24
29.46,5.9172E-24
29.528,5.896E-24
29.596,5.8749E-24
29.664,5.8539E-24
29.732,5.8331E-24
29.801,5.8124E-24
29.87,5.7918E-24
29.938,5.7713E-24
30.007,5.7509E-24
30.077,5.7306E-24
30.146,5.7105E-24
30.216,5.6905E-24
30.285,5.6706E-24
30.355,5.6508E-24
30.425,5.6311E-24
30.495,5.6115E-24
30.566,5.5921E-24
30.636,5.5727E-24
30.707,5.5535E-24
30.777,5.5343E-24
30.848,5.5153E-24
30.92,5.4964E-24
30.991,5.4776E-24
31.062,5.4589E-24
31.134,5.4403E-24
31.206,5.4218E-24
31.278,5.4034E-24
31.35,5.3851E-24
31.422,5.3669E-24
31.495,5.3488E-24
31.567,5.3309E-24
31.64,5.313E-24
31.713,5.2952E-24
31.786,5.2775E-24
31.859,5.26E-24
31.933,5.2425E-24
32.007,5.2251E-24
32.08,5.2078E-24
32.154,5.1907E-24
32.228,5.1736E-24
32.303,5.1566E-24
32.377,5.1397E-24
32.452,5.1229E-24
32.527,5.1062E-24
32.602,5.0896E-24
32.677,5.073E-24
32.752,5.0566E-24
32.828,5.0403E-24
32.904,5.024E-24
32.979,5.0079E-24
33.055,4.9918E-24
33.132,4.9759E-24
33.208,4.96E-24
33.285,4.9442E-24
33.361,4.9285E-24
33.438,4.9129E-24
33.515,4.8973E-24
33.593,4.8819E-24
33.67,4.8666E-24
33.748,4.8513E-24
33.826,4.8361E-24
33.904,4.821E-24
33.982,4.806E-24
34.06,4.7911E-24
34.139,4.7762E-24
34.218,4.7614E-24
34.296,4.7468E-24
34.376,4.7322E-24
34.455,4.7176E-24
34.534,4.7032E-24
34.614,4.6888E-24
34.694,4.6746E-24
34.774,4.6604E-24
34.854,4.6463E-24
34.934,4.6322E-24
35.015,4.6182E-24
35.096,4.6044E-24
35.176,4.5906E-24
35.258,4.5768E-24
35.339,4.5632E-24
35.42,4.5496E-24
35.502,4.5361E-24
35.584,4.5227E-24
35.666,4.5093E-24
35.748,4.496E-24
35.831,4.4828E-24
35.913,4.4697E-24
35.996,4.4566E-24
36.079,4.4436E-24
36.162,4.4307E-24
36.246,4.4179E-24
36.329,4.4051E-24
36.413,4.3924E-24
36.497,4.3797E-24
36.581,4.3672E-24
36.666,4.3547E-24
36.75,4.3423E-24
36.835,4.3299E-24
36.92,4.3176E-24
37.005,4.3054E-24
37.09,4.2932E-24
37.176,4.2811E-24
37.262,4.2691E-24
37.347,4.2572E-24
37.434,4.2453E-24
37.52,4.2335E-24
37.606,4.2217E-24
37.693,4.21E-24
37.78,4.1984E-24
37.867,4.1868E-24
37.955,4.1753E-24
38.042,4.1639E-24
38.13,4.1525E-24
38.218,4.1412E-24
38.306,4.1299E-24
38.394,4.1187E-24
38.483,4.1076E-24
38.571,4.0965E-24
38.66,4.0855E-24
38.75,4.0745E-24
38.839,4.0637E-24
38.928,4.0528E-24
39.018,4.042E-24
39.108,4.0313E-24
39.198,4.0207E-24
39.289,4.0101E-24
39.379,3.9995E-24
39.47,3.9891E-24
39.561,3.9786E-24
39.652,3.9683E-24
39.744,3.9579E-24
39.836,3.9477E-24
39.927,3.9375E-24
40.019,3.9273E-24
40.112,3.9172E-24
40.204,3.9072E-24
40.297,3.8972E-24
40.39,3.8873E-24
40.483,3.8774E-24
40.576,3.8676E-24
40.67,3.8578E-24
40.764,3.8481E-24
40.858,3.8385E-24
40.952,3.8288E-24
41.046,3.8193E-24
41.141,3.8098E-24
41.236,3.8003E-24
41.331,3.7909E-24
41.426,3.7815E-24
41.522,3.7722E-24
41.618,3.763E-24
41.714,3.7538E-24
41.81,3.7446E-24
41.906,3.7355E-24
42.003,3.7264E-24
42.1,3.7174E-24
42.197,3.7085E-24
42.294,3.6996E-24
42.392,3.6907E-24
42.489,3.6819E-24
42.587,3.6731E-24
42.686,3.6644E-24
42.784,3.6557E-24
42.883,3.647E-24
42.981,3.6385E-24
43.081,3.6299E-24
43.18,3.6214E-24
43.28,3.613E-24
43.379,3.6045E-24
43.479,3.5962E-24
43.58,3.5879E-24
43.68,3.5796E-24
43.781,3.5714E-24
43.882,3.5632E-24
43.983,3.555E-24
44.084,3.5469E-24
44.186,3.5389E-24
44.288,3.5308E-24
44.39,3.5229E-24
44.492,3.5149E-24
44.595,3.507E-24
44.698,3.4992E-24
44.801,3.4914E-24
44.904,3.4836E-24
45.008,3.4759E-24
45.112,3.4682E-24
45.216,3.4605E-24
45.32,3.4529E-24
45.424,3.4454E-24
45.529,3.4378E-24
45.634,3.4303E-24
45.739,3.4229E-24
45.845,3.4155E-24
45.951,3.4081E-24
46.057,3.4008E-24
46.163,3.3935E-24
46.269,3.3862E-24
46.376,3.379E-24
46.483,3.3718E-24
46.59,3.3646E-24
46.697,3.3575E-24
46.805,3.3504E-24
46.913,3.3434E-24
47.021,3.3364E-24
47.13,3.3294E-24
47.238,3.3225E-24
47.347,3.3156E-24
47.457,3.3087E-24
47.566,3.3019E-24
47.676,3.2951E-24
47.786,3.2884E-24
47.896,3.2817E-24
48.006,3.275E-24
48.117,3.2683E-24
48.228,3.2617E-24
48.339,3.2551E-24
48.451,3.2486E-24
48.562,3.242E-24
48.674,3.2355E-24
48.787,3.2291E-24
48.899,3.2227E-24
49.012,3.2163E-24
49.125,3.2099E-24
49.238,3.2036E-24
49.352,3.1973E-24
49.465,3.191E-24
49.579,3.1848E-24
49.694,3.1786E-24
49.808,3.1724E-24
49.923,3.1663E-24
50.038,3.1602E-24
50.154,3.1541E-24
50.269,3.1481E-24
50.385,3.1421E-24
50.502,3.1361E-24
50.618,3.1301E-24
50.735,3.1242E-24
50.852,3.1183E-24
50.969,3.1124E-24
51.087,3.1066E-24
51.204,3.1008E-24
51.322,3.095E-24
51.441,3.0893E-24
51.559,3.0835E-24
51.678,3.0778E-24
51.797,3.0722E-24
51.917,3.0665E-24
52.037,3.0609E-24
52.157,3.0553E-24
52.277,3.0498E-24
52.397,3.0442E-24
52.518,3.0387E-24
52.639,3.0333E-24
52.761,3.0278E-24
52.882,3.0224E-24
53.004,3.017E-24
53.127,3.0116E-24
53.249,3.0063E-24
53.372,3.0009E-24
53.495,2.9956E-24
53.618,2.9904E-24
53.742,2.9851E-24
53.866,2.9799E-24
53.99,2.9747E-24
54.115,2.9696E-24
54.239,2.9644E-24
54.365,2.9593E-24
54.49,2.9542E-24
54.616,2.9491E-24
54.741,2.9441E-24
54.868,2.9391E-24
54.994,2.9341E-24
55.121,2.9291E-24
55.248,2.9241E-24
55.376,2.9192E-24
55.503,2.9143E-24
55.631,2.9094E-24
55.76,2.9046E-24
55.888,2.8997E-24
56.017,2.8949E-24
56.146,2.8901E-24
56.276,2.8854E-24
56.405,2.8806E-24
56.535,2.8759E-24
56.666,2.8712E-24
56.797,2.8665E-24
56.928,2.8619E-24
57.059,2.8572E-24
57.19,2.8526E-24
57.322,2.848E-24
57.454,2.8434E-24
57.587,2.8389E-24
57.72,2.8344E-24
57.853,2.8299E-24
57.986,2.8254E-24
58.12,2.8209E-24
58.254,2.8165E-24
58.388,2.812E-24
58.523,2.8076E-24
58.658,2.8032E-24
58.793,2.7989E-24
58.929,2.7945E-24
59.065,2.7902E-24
59.201,2.7859E-24
59.337,2.7816E-24
59.474,2.7773E-24
59.611,2.7731E-24
59.749,2.7689E-24
59.887,2.7646E-24
60.025,2.7605E-24
60.163,2.7563E-24
60.302,2.7521E-24
60.441,2.748E-24
60.58,2.7439E-24
60.72,2.7398E-24
60.86,2.7357E-24
61,2.7316E-24
61.141,2.7276E-24
61.282,2.7236E-24
61.423,2.7196E-24
61.565,2.7156E-24
61.707,2.7116E-24
61.849,2.7076E-24
61.992,2.7037E-24
62.135,2.6998E-24
62.278,2.6959E-24
62.422,2.692E-24
62.566,2.6881E-24
62.71,2.6843E-24
62.855,2.6804E-24
62.999,2.6766E-24
63.145,2.6728E-24
63.29,2.669E-24
63.436,2.6653E-24
63.583,2.6615E-24
63.729,2.6578E-24
63.876,2.6541E-24
64.023,2.6504E-24
64.171,2.6467E-24
64.319,2.643E-24
64.467,2.6393E-24
64.616,2.6357E-24
64.765,2.6321E-24
64.914,2.6285E-24
65.064,2.6249E-24
65.214,2.6213E-24
65.365,2.6177E-24
65.515,2.6142E-24
65.666,2.6106E-24
65.818,2.6071E-24
65.97,2.6036E-24
66.122,2.6001E-24
66.274,2.5966E-24
66.427,2.5932E-24
66.58,2.5897E-24
66.734,2.5863E-24
66.888,2.5829E-24
67.042,2.5795E-24
67.196,2.5761E-24
67.351,2.5727E-24
67.507,2.5694E-24
67.662,2.566E-24
67.818,2.5627E-24
67.975,2.5594E-24
68.132,2.5561E-24
68.289,2.5528E-24
68.446,2.5495E-24
68.604,2.5462E-24
68.762,2.543E-24
68.921,2.5397E-24
69.08,2.5365E-24
69.239,2.5333E-24
69.399,2.5301E-24
69.559,2.5269E-24
69.719,2.5237E-24
69.88,2.5206E-24
70.041,2.5174E-24
70.202,2.5143E-24
70.364,2.5112E-24
70.527,2.508E-24
70.689,2.505E-24
70.852,2.5019E-24
71.016,2.4988E-24
71.179,2.4957E-24
71.344,2.4927E-24
71.508,2.4896E-24
71.673,2.4866E-24
71.838,2.4836E-24
72.004,2.4806E-24
72.17,2.4776E-24
72.336,2.4746E-24
72.503,2.4717E-24
72.67,2.4687E-24
72.838,2.4658E-24
73.006,2.4628E-24
73.174,2.4599E-24
73.343,2.457E-24
73.512,2.4541E-24
73.682,2.4512E-24
73.852,2.4483E-24
74.022,2.4455E-24
74.193,2.4426E-24
74.364,2.4398E-24
74.535,2.437E-24
74.707,2.4341E-24
74.879,2.4313E-24
75.052,2.4285E-24
75.225,2.4257E-24
75.399,2.423E-24
75.572,2.4202E-24
75.747,2.4174E-24
75.921,2.4147E-24
76.096,2.4119E-24
76.272,2.4092E-24
76.448,2.4065E-24
76.624,2.4038E-24
76.801,2.4011E-24
76.978,2.3984E-24
77.155,2.3957E-24
77.333,2.3931E-24
77.512,2.3904E-24
77.69,2.3878E-24
77.87,2.3851E-24
78.049,2.3825E-24
78.229,2.3799E-24
78.409,2.3773E-24
78.59,2.3747E-24
78.772,2.3721E-24
78.953,2.3695E-24
79.135,2.3669E-24
79.318,2.3644E-24
79.501,2.3618E-24
79.684,2.3593E-24
79.868,2.3567E-24
80.052,2.3542E-24
80.236,2.3517E-24
80.421,2.3492E-24
80.607,2.3467E-24
80.793,2.3442E-24
80.979,2.3417E-24
81.166,2.3393E-24
81.353,2.3368E-24
81.541,2.3343E-24
81.729,2.3319E-24
81.917,2.3295E-24
82.106,2.327E-24
82.295,2.3246E-24
82.485,2.3222E-24
82.675,2.3198E-24
82.866,2.3174E-24
83.057,2.315E-24
83.249,2.3126E-24
83.441,2.3103E-24
83.633,2.3079E-24
83.826,2.3055E-24
84.019,2.3032E-24
84.213,2.3009E-24
84.407,2.2985E-24
84.602,2.2962E-24
84.797,2.2939E-24
84.992,2.2916E-24
85.188,2.2893E-24
85.385,2.287E-24
85.582,2.2847E-24
85.779,2.2825E-24
85.977,2.2802E-24
86.175,2.2779E-24
86.374,2.2757E-24
86.573,2.2734E-24
86.773,2.2712E-24
86.973,2.269E-24
87.173,2.2667E-24
87.374,2.2645E-24
87.576,2.2623E-24
87.778,2.2601E-24
87.98,2.2579E-24
88.183,2.2557E-24
88.386,2.2536E-24
88.59,2.2514E-24
88.795,2.2492E-24
88.999,2.2471E-24
89.205,2.2449E-24
89.41,2.2428E-24
89.616,2.2406E-24
89.823,2.2385E-24
90.03,2.2364E-24
90.238,2.2343E-24
90.446,2.2322E-24
90.655,2.2301E-24
90.864,2.228E-24
91.073,2.2259E-24
91.283,2.2238E-24
91.494,2.2217E-24
91.705,2.2197E-24
91.916,2.2176E-24
92.128,2.2155E-24
92.34,2.2135E-24
92.553,2.2114E-24
92.767,2.2094E-24
92.981,2.2074E-24
93.195,2.2053E-24
93.41,2.2033E-24
93.625,2.2013E-24
93.841,2.1993E-24
94.058,2.1973E-24
94.275,2.1953E-24
94.492,2.1933E-24
94.71,2.1914E-24
94.928,2.1894E-24
95.147,2.1874E-24
95.367,2.1855E-24
95.587,2.1835E-24
95.807,2.1815E-24
96.028,2.1796E-24
96.249,2.1777E-24
96.471,2.1757E-24
96.694,2.1738E-24
96.917,2.1719E-24
97.14,2.17E-24
97.364,2.1681E-24
97.589,2.1662E-24
97.814,2.1643E-24
98.039,2.1624E-24
98.266,2.1605E-24
98.492,2.1586E-24
98.719,2.1567E-24
98.947,2.1549E-24
99.175,2.153E-24
99.404,2.1511E-24
99.633,2.1493E-24
99.863,2.1474E-24
100.09,2.1456E-24
100.32,2.1438E-24
100.56,2.1419E-24
100.79,2.1401E-24
101.02,2.1383E-24
101.25,2.1365E-24
101.49,2.1347E-24
101.72,2.1329E-24
101.95,2.1311E-24
102.19,2.1293E-24
102.43,2.1275E-24
102.66,2.1257E-24
102.9,2.1239E-24
103.14,2.1221E-24
103.37,2.1204E-24
103.61,2.1186E-24
103.85,2.1168E-24
104.09,2.1151E-24
104.33,2.1133E-24
104.57,2.1116E-24
104.81,2.1099E-24
105.05,2.1081E-24
105.3,2.1064E-24
105.54,2.1047E-24
105.78,2.103E-24
106.03,2.1012E-24
106.27,2.0995E-24
106.52,2.0978E-24
106.76,2.0961E-24
107.01,2.0944E-24
107.25,2.0927E-24
107.5,2.0911E-24
107.75,2.0894E-24
108,2.0877E-24
108.25,2.086E-24
108.5,2.0844E-24
108.75,2.0827E-24
109,2.081E-24
109.25,2.0794E-24
109.5,2.0777E-24
109.75,2.0761E-24
110.01,2.0745E-24
110.26,2.0728E-24
110.51,2.0712E-24
110.77,2.0696E-24
111.02,2.068E-24
111.28,2.0663E-24
111.54,2.0647E-24
111.79,2.0631E-24
112.05,2.0615E-24
112.31,2.0599E-24
112.57,2.0583E-24
112.83,2.0567E-24
113.09,2.0551E-24
113.35,2.0536E-24
113.61,2.052E-24
113.87,2.0504E-24
114.14,2.0488E-24
114.4,2.0473E-24
114.66,2.0457E-24
114.93,2.0442E-24
115.19,2.0426E-24
115.46,2.0411E-24
115.72,2.0395E-24
115.99,2.038E-24
116.26,2.0364E-24
116.53,2.0349E-24
116.8,2.0334E-24
117.06,2.0319E-24
117.33,2.0303E-24
117.61,2.0288E-24
117.88,2.0273E-24
118.15,2.0258E-24
118.42,2.0243E-24
118.69,2.0228E-24
118.97,2.0213E-24
119.24,2.0198E-24
119.52,2.0183E-24
119.79,2.0169E-24
120.07,2.0154E-24
120.35,2.0139E-24
120.62,2.0124E-24
120.9,2.011E-24
121.18,2.0095E-24
121.46,2.008E-24
121.74,2.0066E-24
122.02,2.0051E-24
122.3,2.0037E-24
122.58,2.0022E-24
122.87,2.0008E-24
123.15,1.9994E-24
123.43,1.9979E-24
123.72,1.9965E-24
124,1.9951E-24
124.29,1.9937E-24
124.58,1.9922E-24
124.86,1.9908E-24
125.15,1.9894E-24
125.44,1.988E-24
125.73,1.9866E-24
126.02,1.9852E-24
126.31,1.9838E-24
126.6,1.9824E-24
126.89,1.981E-24
127.19,1.9797E-24
127.48,1.9783E-24
127.77,1.9769E-24
128.07,1.9755E-24
128.36,1.9742E-24
128.66,1.9728E-24
128.96,1.9714E-24
129.25,1.9701E-24
129.55,1.9687E-24
129.85,1.9674E-24
130.15,1.966E-24
130.45,1.9647E-24
130.75,1.9633E-24
131.05,1.962E-24
131.35,1.9607E-24
131.66,1.9593E-24
131.96,1.958E-24
132.26,1.9567E-24
132.57,1.9553E-24
132.88,1.954E-24
133.18,1.9527E-24
133.49,1.9514E-24
133.8,1.9501E-24
134.11,1.9488E-24
134.41,1.9475E-24
134.72,1.9462E-24
135.04,1.9449E-24
135.35,1.9436E-24
135.66,1.9423E-24
135.97,1.9411E-24
136.29,1.9398E-24
136.6,1.9385E-24
136.91,1.9372E-24
137.23,1.936E-24
137.55,1.9347E-24
137.86,1.9334E-24
138.18,1.9322E-24
138.5,1.9309E-24
138.82,1.9297E-24
139.14,1.9284E-24
139.46,1.9272E-24
139.78,1.9259E-24
140.1,1.9247E-24
140.43,1.9234E-24
140.75,1.9222E-24
141.08,1.921E-24
141.4,1.9198E-24
141.73,1.9185E-24
142.05,1.9173E-24
142.38,1.9161E-24
142.71,1.9149E-24
143.04,1.9137E-24
143.37,1.9125E-24
143.7,1.9113E-24
144.03,1.9101E-24
144.36,1.9089E-24
144.7,1.9077E-24
145.03,1.9065E-24
145.36,1.9053E-24
145.7,1.9041E-24
146.04,1.9029E-24
146.37,1.9017E-24
146.71,1.9006E-24
147.05,1.8994E-24
147.39,1.8982E-24
147.73,1.8971E-24
148.07,1.8959E-24
148.41,1.8947E-24
148.75,1.8936E-24
149.09,1.8924E-24
149.44,1.8913E-24
149.78,1.8901E-24
150.13,1.889E-24
150.47,1.8878E-24
150.82,1.8867E-24
151.17,1.8856E-24
151.52,1.8844E-24
151.87,1.8833E-24
152.22,1.8822E-24
152.57,1.8811E-24
152.92,1.88E-24
153.27,1.8788E-24
153.63,1.8777E-24
153.98,1.8766E-24
154.34,1.8755E-24
154.69,1.8744E-24
155.05,1.8733E-24
155.41,1.8722E-24
155.76,1.8711E-24
156.12,1.87E-24
156.48,1.8689E-24
156.84,1.8679E-24
157.21,1.8668E-24
157.57,1.8657E-24
157.93,1.8646E-24
158.3,1.8635E-24
158.66,1.8625E-24
159.03,1.8614E-24
159.39,1.8603E-24
159.76,1.8593E-24
160.13,1.8582E-24
160.5,1.8572E-24
160.87,1.8561E-24
161.24,1.8551E-24
161.61,1.854E-24
161.98,1.853E-24
162.36,1.8519E-24
162.73,1.8509E-24
163.11,1.8499E-24
163.48,1.8488E-24
163.86,1.8478E-24
164.24,1.8468E-24
164.62,1.8458E-24
165,1.8448E-24
165.38,1.8437E-24
165.76,1.8427E-24
166.14,1.8417E-24
166.52,1.8407E-24
166.91,1.8397E-24
167.29,1.8387E-24
167.68,1.8377E-24
168.07,1.8367E-24
168.45,1.8357E-24
168.84,1.8347E-24
169.23,1.8337E-24
169.62,1.8328E-24
170.01,1.8318E-24
170.4,1.8308E-24
170.8,1.8298E-24
171.19,1.8289E-24
171.59,1.8279E-24
171.98,1.8269E-24
172.38,1.826E-24
172.78,1.825E-24
173.17,1.8241E-24
173.57,1.8231E-24
173.97,1.8222E-24
174.37,1.8212E-24
174.78,1.8203E-24
175.18,1.8193E-24
175.58,1.8184E-24
175.99,1.8175E-24
176.39,1.8165E-24
176.8,1.8156E-24
177.21,1.8147E-24
177.62,1.8137E-24
178.03,1.8128E-24
178.44,1.8119E-24
178.85,1.811E-24
179.26,1.8101E-24
179.68,1.8092E-24
180.09,1.8083E-24
180.5,1.8074E-24
180.92,1.8065E-24
181.34,1.8056E-24
181.76,1.8047E-24
182.18,1.8038E-24
182.6,1.8029E-24
183.02,1.802E-24
183.44,1.8011E-24
183.86,1.8003E-24
184.29,1.7994E-24
184.71,1.7985E-24
185.14,1.7976E-24
185.56,1.7968E-24
185.99,1.7959E-24
186.42,1.7951E-24
186.85,1.7942E-24
187.28,1.7934E-24
187.71,1.7925E-24
188.15,1.7917E-24
188.58,1.7908E-24
189.01,1.79E-24
189.45,1.7891E-24
189.89,1.7883E-24
190.33,1.7875E-24
190.76,1.7866E-24
191.2,1.7858E-24
191.65,1.785E-24
192.09,1.7842E-24
192.53,1.7833E-24
192.97,1.7825E-24
193.42,1.7817E-24
193.87,1.7809E-24
194.31,1.7801E-24
194.76,1.7793E-24
195.21,1.7785E-24
195.66,1.7777E-24
196.11,1.7769E-24
196.56,1.7761E-24
197.02,1.7753E-24
197.47,1.7745E-24
197.93,1.7738E-24
198.38,1.773E-24
198.84,1.7722E-24
199.3,1.7714E-24
199.76,1.7707E-24
200.22,1.7699E-24
200.68,1.7691E-24
201.14,1.7684E-24
201.61,1.7676E-24
202.07,1.7669E-24
202.54,1.7661E-24
203,1.7654E-24
203.47,1.7646E-24
203.94,1.7639E-24
204.41,1.7631E-24
204.88,1.7624E-24
205.36,1.7617E-24
205.83,1.7609E-24
206.3,1.7602E-24
206.78,1.7595E-24
207.26,1.7588E-24
207.73,1.7581E-24
208.21,1.7573E-24
208.69,1.7566E-24
209.18,1.7559E-24
209.66,1.7552E-24
210.14,1.7545E-24
210.63,1.7538E-24
211.11,1.7531E-24
211.6,1.7524E-24
212.09,1.7517E-24
212.58,1.7511E-24
213.07,1.7504E-24
213.56,1.7497E-24
214.05,1.749E-24
214.54,1.7483E-24
215.04,1.7477E-24
215.53,1.747E-24
216.03,1.7463E-24
216.53,1.7457E-24
217.03,1.745E-24
217.53,1.7444E-24
218.03,1.7437E-24
218.53,1.7431E-24
219.04,1.7424E-24
219.54,1.7418E-24
220.05,1.7411E-24
220.56,1.7405E-24
221.06,1.7399E-24
221.57,1.7393E-24
222.08,1.7386E-24
222.6,1.738E-24
223.11,1.7374E-24
223.62,1.7368E-24
224.14,1.7362E-24
224.66,1.7355E-24
225.18,1.7349E-24
225.69,1.7343E-24
226.22,1.7337E-24
226.74,1.7331E-24
227.26,1.7326E-24
227.78,1.732E-24
228.31,1.7314E-24
228.84,1.7308E-24
229.36,1.7302E-24
229.89,1.7296E-24
230.42,1.7291E-24
230.95,1.7285E-24
231.49,1.7279E-24
232.02,1.7274E-24
232.56,1.7268E-24
233.09,1.7262E-24
233.63,1.7257E-24
234.17,1.7251E-24
234.71,1.7246E-24
235.25,1.7241E-24
235.79,1.7235E-24
236.34,1.723E-24
236.88,1.7224E-24
237.43,1.7219E-24
237.97,1.7214E-24
238.52,1.7209E-24
239.07,1.7203E-24
239.62,1.7198E-24
240.18,1.7193E-24
240.73,1.7188E-24
241.29,1.7183E-24
241.84,1.7178E-24
242.4,1.7173E-24
242.96,1.7168E-24
243.52,1.7163E-24
244.08,1.7158E-24
244.64,1.7153E-24
245.21,1.7148E-24
245.77,1.7144E-24
246.34,1.7139E-24
246.91,1.7134E-24
247.48,1.713E-24
248.05,1.7125E-24
248.62,1.712E-24
249.19,1.7116E-24
249.77,1.7111E-24
250.34,1.7107E-24
250.92,1.7102E-24
251.5,1.7098E-24
252.08,1.7093E-24
252.66,1.7089E-24
253.24,1.7085E-24
253.83,1.708E-24
254.41,1.7076E-24
255,1.7072E-24
255.59,1.7068E-24
256.18,1.7064E-24
256.77,1.7059E-24
257.36,1.7055E-24
257.95,1.7051E-24
258.55,1.7047E-24
259.14,1.7043E-24
259.74,1.7039E-24
260.34,1.7035E-24
260.94,1.7032E-24
261.54,1.7028E-24
262.15,1.7024E-24
262.75,1.702E-24
263.36,1.7017E-24
263.96,1.7013E-24
264.57,1.7009E-24
265.18,1.7006E-24
265.79,1.7002E-24
266.41,1.6998E-24
267.02,1.6995E-24
267.64,1.6992E-24
268.25,1.6988E-24
268.87,1.6985E-24
269.49,1.6981E-24
270.11,1.6978E-24
270.74,1.6975E-24
271.36,1.6972E-24
271.99,1.6968E-24
272.61,1.6965E-24
273.24,1.6962E-24
273.87,1.6959E-24
274.5,1.6956E-24
275.14,1.6953E-24
275.77,1.695E-24
276.41,1.6947E-24
277.05,1.6944E-24
277.68,1.6941E-24
278.32,1.6939E-24
278.97,1.6936E-24
279.61,1.6933E-24
280.25,1.693E-24
280.9,1.6928E-24
281.55,1.6925E-24
282.2,1.6923E-24
282.85,1.692E-24
283.5,1.6917E-24
284.15,1.6915E-24
284.81,1.6913E-24
285.47,1.691E-24
286.13,1.6908E-24
286.78,1.6906E-24
287.45,1.6903E-24
288.11,1.6901E-24
288.77,1.6899E-24
289.44,1.6897E-24
290.11,1.6895E-24
290.78,1.6893E-24
291.45,1.6891E-24
292.12,1.6889E-24
292.79,1.6887E-24
293.47,1.6885E-24
294.14,1.6883E-24
294.82,1.6881E-24
295.5,1.6879E-24
296.18,1.6878E-24
296.87,1.6876E-24
297.55,1.6874E-24
298.24,1.6873E-24
298.92,1.6871E-24
299.61,1.687E-24
300.31,1.6868E-24
301,1.6867E-24
301.69,1.6865E-24
302.39,1.6864E-24
303.08,1.6863E-24
303.78,1.6862E-24
304.48,1.686E-24
305.19,1.6859E-24
305.89,1.6858E-24
306.6,1.6857E-24
307.3,1.6856E-24
308.01,1.6855E-24
308.72,1.6854E-24
309.43,1.6853E-24
310.15,1.6852E-24
310.86,1.6851E-24
311.58,1.685E-24
312.3,1.685E-24
313.02,1.6849E-24
313.74,1.6848E-24
314.46,1.6848E-24
315.19,1.6847E-24
315.91,1.6847E-24
316.64,1.6846E-24
317.37,1.6846E-24
318.11,1.6845E-24
318.84,1.6845E-24
319.57,1.6845E-24
320.31,1.6844E-24
321.05,1.6844E-24
321.79,1.6844E-24
322.53,1.6844E-24
323.28,1.6844E-24
324.02,1.6844E-24
324.77,1.6844E-24
325.52,1.6844E-24
326.27,1.6844E-24
327.02,1.6844E-24
327.77,1.6844E-24
328.53,1.6845E-24
329.29,1.6845E-24
330.05,1.6845E-24
330.81,1.6846E-24
331.57,1.6846E-24
332.34,1.6847E-24
333.1,1.6847E-24
333.87,1.6848E-24
334.64,1.6848E-24
335.41,1.6849E-24
336.19,1.685E-24
336.96,1.685E-24
337.74,1.6851E-24
338.52,1.6852E-24
339.3,1.6853E-24
340.08,1.6854E-24
340.86,1.6855E-24
341.65,1.6856E-24
342.44,1.6857E-24
343.23,1.6858E-24
344.02,1.6859E-24
344.81,1.6861E-24
345.61,1.6862E-24
346.4,1.6863E-24
347.2,1.6865E-24
348,1.6866E-24
348.81,1.6868E-24
349.61,1.6869E-24
350.42,1.6871E-24
351.23,1.6872E-24
352.04,1.6874E-24
352.85,1.6876E-24
353.66,1.6878E-24
354.48,1.688E-24
355.29,1.6881E-24
356.11,1.6883E-24
356.93,1.6885E-24
357.76,1.6887E-24
358.58,1.689E-24
359.41,1.6892E-24
360.24,1.6894E-24
361.07,1.6896E-24
361.9,1.6898E-24
362.74,1.6901E-24
363.57,1.6903E-24
364.41,1.6906E-24
365.25,1.6908E-24
366.09,1.6911E-24
366.94,1.6913E-24
367.78,1.6916E-24
368.63,1.6919E-24
369.48,1.6922E-24
370.33,1.6924E-24
371.19,1.6927E-24
372.04,1.693E-24
372.9,1.6933E-24
373.76,1.6936E-24
374.62,1.6939E-24
375.49,1.6943E-24
376.35,1.6946E-24
377.22,1.6949E-24
378.09,1.6952E-24
378.96,1.6956E-24
379.84,1.6959E-24
380.71,1.6963E-24
381.59,1.6966E-24
382.47,1.697E-24
383.35,1.6973E-24
384.24,1.6977E-24
385.12,1.6981E-24
386.01,1.6985E-24
386.9,1.6988E-24
387.79,1.6992E-24
388.69,1.6996E-24
389.58,1.7E-24
390.48,1.7005E-24
391.38,1.7009E-24
392.28,1.7013E-24
393.19,1.7017E-24
394.1,1.7021E-24
395,1.7026E-24
395.92,1.703E-24
396.83,1.7035E-24
397.74,1.7039E-24
398.66,1.7044E-24
399.58,1.7049E-24
400.5,1.7053E-24
401.43,1.7058E-24
402.35,1.7063E-24
403.28,1.7068E-24
404.21,1.7073E-24
405.14,1.7078E-24
406.08,1.7083E-24
407.01,1.7088E-24
407.95,1.7093E-24
408.89,1.7098E-24
409.83,1.7104E-24
410.78,1.7109E-24
411.73,1.7115E-24
412.68,1.712E-24
413.63,1.7126E-24
414.58,1.7131E-24
415.54,1.7137E-24
416.5,1.7143E-24
417.46,1.7148E-24
418.42,1.7154E-24
419.38,1.716E-24
420.35,1.7166E-24
421.32,1.7172E-24
422.29,1.7178E-24
423.27,1.7185E-24
424.24,1.7191E-24
425.22,1.7197E-24
426.2,1.7203E-24
427.18,1.721E-24
428.17,1.7216E-24
429.16,1.7223E-24
430.15,1.723E-24
431.14,1.7236E-24
432.13,1.7243E-24
433.13,1.725E-24
434.13,1.7257E-24
435.13,1.7264E-24
436.13,1.7271E-24
437.14,1.7278E-24
438.14,1.7285E-24
439.16,1.7292E-24
440.17,1.7299E-24
441.18,1.7306E-24
442.2,1.7314E-24
443.22,1.7321E-24
444.24,1.7329E-24
445.27,1.7336E-24
446.29,1.7344E-24
447.32,1.7352E-24
448.35,1.736E-24
449.39,1.7367E-24
450.42,1.7375E-24
451.46,1.7383E-24
452.5,1.7391E-24
453.55,1.74E-24
454.59,1.7408E-24
455.64,1.7416E-24
456.69,1.7424E-24
457.75,1.7433E-24
458.8,1.7441E-24
459.86,1.745E-24
460.92,1.7459E-24
461.98,1.7467E-24
463.05,1.7476E-24
464.12,1.7485E-24
465.19,1.7494E-24
466.26,1.7503E-24
467.33,1.7512E-24
468.41,1.7521E-24
469.49,1.7531E-24
470.57,1.754E-24
471.66,1.7549E-24
472.75,1.7559E-24
473.84,1.7569E-24
474.93,1.7579E-24
476.02,1.7589E-24
477.12,1.7599E-24
478.22,1.7609E-24
479.33,1.7619E-24
480.43,1.763E-24
481.54,1.7641E-24
482.65,1.7652E-24
483.76,1.7664E-24
484.88,1.7676E-24
486,1.7689E-24
487.12,1.7703E-24
488.24,1.7719E-24
489.37,1.7738E-24
490.49,1.7763E-24
491.63,1.7798E-24
492.76,1.786E-24
493.9,1.8004E-24
495.03,1.8583E-24
496.18,3.4237E-24
497.32,1.9771E-24
498.47,1.818E-24
499.62,1.796E-24
500.77,1.7897E-24
501.92,1.7876E-24
503.08,1.787E-24
504.24,1.7871E-24
505.4,1.7876E-24
506.57,1.7884E-24
507.74,1.7892E-24
508.91,1.7902E-24
510.08,1.7912E-24
511.26,1.7922E-24
512.44,1.7933E-24
513.62,1.7944E-24
514.8,1.7955E-24
515.99,1.7967E-24
517.18,1.7979E-24
518.37,1.7991E-24
519.57,1.8003E-24
520.77,1.8015E-24
521.97,1.8027E-24
523.17,1.8039E-24
524.38,1.8052E-24
525.59,1.8064E-24
526.8,1.8077E-24
528.01,1.809E-24
529.23,1.8103E-24
530.45,1.8116E-24
531.67,1.8129E-24
532.9,1.8142E-24
534.13,1.8155E-24
535.36,1.8168E-24
536.6,1.8182E-24
537.83,1.8195E-24
539.07,1.8209E-24
540.32,1.8222E-24
541.56,1.8236E-24
542.81,1.825E-24
544.06,1.8264E-24
545.32,1.8278E-24
546.57,1.8292E-24
547.84,1.8306E-24
549.1,1.832E-24
550.36,1.8334E-24
551.63,1.8349E-24
552.91,1.8363E-24
554.18,1.8378E-24
555.46,1.8392E-24
556.74,1.8407E-24
558.02,1.8422E-24
559.31,1.8437E-24
560.6,1.8452E-24
561.89,1.8467E-24
563.19,1.8482E-24
564.49,1.8497E-24
565.79,1.8512E-24
567.09,1.8528E-24
568.4,1.8543E-24
569.71,1.8559E-24
571.03,1.8574E-24
572.34,1.859E-24
573.66,1.8606E-24
574.99,1.8622E-24
576.31,1.8638E-24
577.64,1.8654E-24
578.97,1.867E-24
580.31,1.8686E-24
581.65,1.8703E-24
582.99,1.8719E-24
584.33,1.8736E-24
585.68,1.8752E-24
587.03,1.8769E-24
588.38,1.8786E-24
589.74,1.8802E-24
591.1,1.8819E-24
592.46,1.8836E-24
593.83,1.8853E-24
595.2,1.8871E-24
596.57,1.8888E-24
597.95,1.8905E-24
599.33,1.8923E-24
600.71,1.894E-24
602.09,1.8958E-24
603.48,1.8976E-24
604.87,1.8994E-24
606.27,1.9011E-24
607.67,1.9029E-24
609.07,1.9048E-24
610.47,1.9066E-24
611.88,1.9084E-24
613.29,1.9102E-24
614.7,1.9121E-24
616.12,1.9139E-24
617.54,1.9158E-24
618.97,1.9177E-24
620.39,1.9196E-24
621.83,1.9215E-24
623.26,1.9234E-24
624.7,1.9253E-24
626.14,1.9272E-24
627.58,1.9291E-24
629.03,1.931E-24
630.48,1.933E-24
631.93,1.935E-24
633.39,1.9369E-24
634.85,1.9389E-24
636.31,1.9409E-24
637.78,1.9429E-24
639.25,1.9449E-24
640.73,1.9469E-24
642.2,1.9489E-24
643.68,1.9509E-24
645.17,1.953E-24
646.66,1.955E-24
648.15,1.9571E-24
649.64,1.9592E-24
651.14,1.9612E-24
652.64,1.9633E-24
654.15,1.9654E-24
655.66,1.9675E-24
657.17,1.9696E-24
658.68,1.9718E-24
660.2,1.9739E-24
661.72,1.9761E-24
663.25,1.9782E-24
664.78,1.9804E-24
666.31,1.9826E-24
667.85,1.9847E-24
669.39,1.9869E-24
670.93,1.9891E-24
672.48,1.9914E-24
674.03,1.9936E-24
675.59,1.9958E-24
677.14,1.9981E-24
678.7,2.0003E-24
680.27,2.0026E-24
681.84,2.0049E-24
683.41,2.0071E-24
684.99,2.0094E-24
686.57,2.0117E-24
688.15,2.0141E-24
689.74,2.0164E-24
691.33,2.0187E-24
692.92,2.0211E-24
694.52,2.0234E-24
696.12,2.0258E-24
697.73,2.0282E-24
699.33,2.0305E-24
700.95,2.0329E-24
702.56,2.0353E-24
704.18,2.0378E-24
705.81,2.0402E-24
707.44,2.0426E-24
709.07,2.0451E-24
710.7,2.0475E-24
712.34,2.05E-24
713.98,2.0525E-24
715.63,2.055E-24
717.28,2.0575E-24
718.93,2.06E-24
720.59,2.0625E-24
722.25,2.065E-24
723.92,2.0676E-24
725.59,2.0701E-24
727.26,2.0727E-24
728.94,2.0752E-24
730.62,2.0778E-24
732.3,2.0804E-24
733.99,2.083E-24
735.69,2.0856E-24
737.38,2.0883E-24
739.08,2.0909E-24
740.79,2.0935E-24
742.5,2.0962E-24
744.21,2.0989E-24
745.92,2.1015E-24
747.64,2.1042E-24
749.37,2.1069E-24
751.1,2.1096E-24
752.83,2.1124E-24
754.56,2.1151E-24
756.3,2.1178E-24
758.05,2.1206E-24
759.8,2.1234E-24
761.55,2.1261E-24
763.3,2.1289E-24
765.06,2.1317E-24
766.83,2.1345E-24
768.6,2.1374E-24
770.37,2.1402E-24
772.15,2.143E-24
773.93,2.1459E-24
775.71,2.1487E-24
777.5,2.1516E-24
779.29,2.1545E-24
781.09,2.1574E-24
782.89,2.1603E-24
784.7,2.1632E-24
786.51,2.1662E-24
788.32,2.1691E-24
790.14,2.1721E-24
791.96,2.175E-24
793.79,2.178E-24
795.62,2.181E-24
797.45,2.184E-24
799.29,2.187E-24
801.13,2.19E-24
802.98,2.1931E-24
804.83,2.1961E-24
806.69,2.1992E-24
808.55,2.2022E-24
810.41,2.2053E-24
812.28,2.2084E-24
814.16,2.2115E-24
816.03,2.2146E-24
817.91,2.2178E-24
819.8,2.2209E-24
821.69,2.224E-24
823.59,2.2272E-24
825.49,2.2304E-24
827.39,2.2336E-24
829.3,2.2368E-24
831.21,2.24E-24
833.13,2.2432E-24
835.05,2.2464E-24
836.97,2.2497E-24
838.9,2.2529E-24
840.84,2.2562E-24
842.78,2.2595E-24
844.72,2.2627E-24
846.67,2.2661E-24
848.62,2.2694E-24
850.58,2.2727E-24
852.54,2.276E-24
854.5,2.2794E-24
856.47,2.2827E-24
858.45,2.2861E-24
860.43,2.2895E-24
862.41,2.2929E-24
864.4,2.2963E-24
866.4,2.2997E-24
868.39,2.3032E-24
870.4,2.3066E-24
872.4,2.3101E-24
874.41,2.3136E-24
876.43,2.317E-24
878.45,2.3205E-24
880.48,2.324E-24
882.51,2.3276E-24
884.54,2.3311E-24
886.58,2.3346E-24
888.63,2.3382E-24
890.68,2.3418E-24
892.73,2.3454E-24
894.79,2.349E-24
896.85,2.3526E-24
898.92,2.3562E-24
900.99,2.3598E-24
903.07,2.3635E-24
905.15,2.3671E-24
907.24,2.3708E-24
909.33,2.3745E-24
911.43,2.3782E-24
913.53,2.3819E-24
915.64,2.3856E-24
917.75,2.3893E-24
919.87,2.3931E-24
921.99,2.3969E-24
924.11,2.4006E-24
926.25,2.4044E-24
928.38,2.4082E-24
930.52,2.412E-24
932.67,2.4158E-24
934.82,2.4197E-24
936.97,2.4235E-24
939.13,2.4274E-24
941.3,2.4313E-24
943.47,2.4352E-24
945.65,2.4391E-24
947.83,2.443E-24
950.01,2.4469E-24
952.2,2.4509E-24
954.4,2.4548E-24
956.6,2.4588E-24
958.81,2.4628E-24
961.02,2.4668E-24
963.23,2.4708E-24
965.45,2.4748E-24
967.68,2.4788E-24
969.91,2.4829E-24
972.15,2.4869E-24
974.39,2.491E-24
976.64,2.4951E-24
978.89,2.4993E-24
981.15,2.5034E-24
983.41,2.5076E-24
985.68,2.5118E-24
987.95,2.5163E-24
990.23,2.522E-24
992.51,2.6371E-24
994.8,2.5321E-24
997.1,2.5333E-24
999.39,2.537E-24
1001.7,2.5411E-24
1004,2.5453E-24
1006.3,2.5495E-24
1008.6,2.5538E-24
1011,2.558E-24
1013.3,2.5623E-24
1015.6,2.5666E-24
1018,2.571E-24
1020.3,2.5753E-24
1022.7,2.5797E-24
1025,2.584E-24
1027.4,2.5884E-24
1029.8,2.5928E-24
1032.1,2.5972E-24
1034.5,2.6017E-24
1036.9,2.6061E-24
1039.3,2.6106E-24
1041.7,2.615E-24
1044.1,2.6195E-24
1046.5,2.624E-24
1048.9,2.6285E-24
1051.3,2.6331E-24
1053.8,2.6376E-24
1056.2,2.6422E-24
1058.6,2.6467E-24
1061.1,2.6513E-24
1063.5,2.6559E-24
1066,2.6605E-24
1068.4,2.6652E-24
1070.9,2.6698E-24
1073.4,2.6745E-24
1075.8,2.6791E-24
1078.3,2.6838E-24
1080.8,2.6885E-24
1083.3,2.6932E-24
1085.8,2.698E-24
1088.3,2.7027E-24
1090.8,2.7075E-24
1093.3,2.7122E-24
1095.8,2.717E-24
1098.4,2.7218E-24
1100.9,2.7267E-24
1103.4,2.7315E-24
1106,2.7363E-24
1108.5,2.7412E-24
1111.1,2.7461E-24
1113.7,2.751E-24
1116.2,2.7559E-24
1118.8,2.7608E-24
1121.4,2.7657E-24
1124,2.7707E-24
1126.6,2.7756E-24
1129.2,2.7806E-24
1131.8,2.7856E-24
1134.4,2.7906E-24
1137,2.7957E-24
1139.6,2.8007E-24
1142.2,2.8057E-24
1144.9,2.8108E-24
1147.5,2.8159E-24
1150.2,2.821E-24
1152.8,2.8261E-24
1155.5,2.8313E-24
1158.1,2.8364E-24
1160.8,2.8416E-24
1163.5,2.8467E-24
1166.2,2.8519E-24
1168.9,2.8572E-24
1171.5,2.8624E-24
1174.2,2.8676E-24
1177,2.8729E-24
1179.7,2.8781E-24
1182.4,2.8834E-24
1185.1,2.8887E-24
1187.9,2.8941E-24
1190.6,2.8994E-24
1193.3,2.9047E-24
1196.1,2.9101E-24
1198.8,2.9155E-24
1201.6,2.9209E-24
1204.4,2.9263E-24
1207.2,2.9317E-24
1209.9,2.9372E-24
1212.7,2.9426E-24
1215.5,2.9481E-24
1218.3,2.9536E-24
1221.1,2.9591E-24
1224,2.9646E-24
1226.8,2.9702E-24
1229.6,2.9757E-24
1232.4,2.9813E-24
1235.3,2.9869E-24
1238.1,2.9925E-24
1241,2.9981E-24
1243.9,3.0037E-24
1246.7,3.0094E-24
1249.6,3.0151E-24
1252.5,3.0208E-24
1255.4,3.0265E-24
1258.3,3.0322E-24
1261.2,3.0379E-24
1264.1,3.0437E-24
1267,3.0494E-24
1269.9,3.0552E-24
1272.8,3.061E-24
1275.8,3.0668E-24
1278.7,3.0727E-24
1281.7,3.0785E-24
1284.6,3.0844E-24
1287.6,3.0903E-24
1290.5,3.0962E-24
1293.5,3.1021E-24
1296.5,3.108E-24
1299.5,3.114E-24
1302.5,3.1199E-24
1305.5,3.1259E-24
1308.5,3.1319E-24
1311.5,3.1379E-24
1314.5,3.144E-24
1317.6,3.15E-24
1320.6,3.1561E-24
1323.7,3.1622E-24
1326.7,3.1683E-24
1329.8,3.1744E-24
1332.8,3.1806E-24
1335.9,3.1867E-24
1339,3.1929E-24
1342.1,3.1991E-24
1345.2,3.2053E-24
1348.3,3.2115E-24
1351.4,3.2178E-24
1354.5,3.224E-24
1357.6,3.2303E-24
1360.8,3.2366E-24
1363.9,3.2429E-24
1367,3.2492E-24
1370.2,3.2556E-24
1373.4,3.2619E-24
1376.5,3.2683E-24
1379.7,3.2747E-24
1382.9,3.2811E-24
1386.1,3.2876E-24
1389.3,3.294E-24
1392.5,3.3005E-24
1395.7,3.307E-24
1398.9,3.3135E-24
1402.1,3.32E-24
1405.4,3.3266E-24
1408.6,3.3331E-24
1411.8,3.3397E-24
1415.1,3.3463E-24
1418.4,3.3529E-24
1421.6,3.3596E-24
1424.9,3.3662E-24
1428.2,3.3729E-24
1431.5,3.3796E-24
1434.8,3.3863E-24
1438.1,3.393E-24
1441.4,3.3997E-24
1444.7,3.4065E-24
1448.1,3.4133E-24
1451.4,3.4201E-24
1454.8,3.4269E-24
1458.1,3.4337E-24
1461.5,3.4406E-24
1464.8,3.4475E-24
1468.2,3.4544E-24
1471.6,3.4613E-24
1475,3.4682E-24
1478.4,3.4752E-24
1481.8,3.4822E-24
1485.2,3.4893E-24
1488.7,3.504E-24
1492.1,3.5035E-24
1495.5,3.5102E-24
1499,3.5172E-24
1502.4,3.5243E-24
1505.9,3.5314E-24
1509.4,3.5385E-24
1512.9,3.5457E-24
1516.3,3.5528E-24
1519.8,3.56E-24
1523.3,3.5672E-24
1526.9,3.5744E-24
1530.4,3.5816E-24
1533.9,3.5889E-24
1537.4,3.5961E-24
1541,3.6034E-24
1544.5,3.6108E-24
1548.1,3.6181E-24
1551.7,3.6254E-24
1555.3,3.6328E-24
1558.8,3.6402E-24
1562.4,3.6476E-24
1566,3.655E-24
1569.6,3.6625E-24
1573.3,3.6699E-24
1576.9,3.6774E-24
1580.5,3.6849E-24
1584.2,3.6925E-24
1587.8,3.7E-24
1591.5,3.7076E-24
1595.2,3.7152E-24
1598.8,3.7228E-24
1602.5,3.7304E-24
1606.2,3.7381E-24
1609.9,3.7457E-24
1613.6,3.7534E-24
1617.4,3.7611E-24
1621.1,3.7688E-24
1624.8,3.7766E-24
1628.6,3.7844E-24
1632.3,3.7922E-24
1636.1,3.8E-24
1639.9,3.8078E-24
1643.6,3.8156E-24
1647.4,3.8235E-24
1651.2,3.8314E-24
1655,3.8393E-24
1658.9,3.8473E-24
1662.7,3.8552E-24
1666.5,3.8632E-24
1670.4,3.8712E-24
1674.2,3.8792E-24
1678.1,3.8872E-24
1681.9,3.8953E-24
1685.8,3.9034E-24
1689.7,3.9115E-24
1693.6,3.9196E-24
1697.5,3.9277E-24
1701.4,3.9359E-24
1705.4,3.9441E-24
1709.3,3.9523E-24
1713.2,3.9605E-24
1717.2,3.9688E-24
1721.1,3.9771E-24
1725.1,3.9853E-24
1729.1,3.9937E-24
1733.1,4.002E-24
1737.1,4.0104E-24
1741.1,4.0187E-24
1745.1,4.0271E-24
1749.1,4.0356E-24
1753.1,4.044E-24
1757.2,4.0525E-24
1761.2,4.061E-24
1765.3,4.0695E-24
1769.4,4.078E-24
1773.5,4.0866E-24
1777.5,4.0951E-24
1781.6,4.1037E-24
1785.8,4.1123E-24
1789.9,4.121E-24
1794,4.1297E-24
1798.1,4.1383E-24
1802.3,4.147E-24
1806.4,4.1558E-24
1810.6,4.1645E-24
1814.8,4.1733E-24
1819,4.1821E-24
1823.2,4.1909E-24
1827.4,4.1998E-24
1831.6,4.2086E-24
1835.8,4.2175E-24
1840,4.2264E-24
1844.3,4.2354E-24
1848.5,4.2443E-24
1852.8,4.2533E-24
1857.1,4.2623E-24
1861.3,4.2713E-24
1865.6,4.2804E-24
1869.9,4.2895E-24
1874.3,4.2985E-24
1878.6,4.3077E-24
1882.9,4.3168E-24
1887.2,4.326E-24
1891.6,4.3352E-24
1896,4.3444E-24
1900.3,4.3536E-24
1904.7,4.3629E-24
1909.1,4.3721E-24
1913.5,4.3815E-24
1917.9,4.3908E-24
1922.3,4.4001E-24
1926.8,4.4095E-24
1931.2,4.4189E-24
1935.7,4.4283E-24
1940.1,4.4378E-24
1944.6,4.4472E-24
1949.1,4.4567E-24
1953.6,4.4663E-24
1958.1,4.4758E-24
1962.6,4.4854E-24
1967.1,4.495E-24
1971.7,4.5046E-24
1976.2,4.5142E-24
1980.8,4.5239E-24
1985.3,4.5423E-24
1989.9,4.5433E-24
1994.5,4.553E-24
1999.1,4.5628E-24
2003.7,4.5726E-24
2008.3,4.5824E-24
2013,4.5922E-24
2017.6,4.6021E-24
2022.3,4.612E-24
2026.9,4.6219E-24
2031.6,4.6318E-24
2036.3,4.6418E-24
2041,4.6517E-24
2045.7,4.6618E-24
2050.4,4.6718E-24
2055.1,4.6818E-24
2059.9,4.6919E-24
2064.6,4.702E-24
2069.4,4.7122E-24
2074.2,4.7223E-24
2078.9,4.7325E-24
2083.7,4.7427E-24
2088.5,4.753E-24
2093.4,4.7632E-24
2098.2,4.7735E-24
2103,4.7838E-24
2107.9,4.7942E-24
2112.7,4.8045E-24
2117.6,4.8149E-24
2122.5,4.8253E-24
2127.4,4.8358E-24
2132.3,4.8463E-24
2137.2,4.8567E-24
2142.1,4.8673E-24
2147.1,4.8778E-24
2152,4.8884E-24
2157,4.899E-24
2162,4.9096E-24
2167,4.9203E-24
2171.9,4.9309E-24
2177,4.9416E-24
2182,4.9524E-24
2187,4.9631E-24
2192.1,4.9739E-24
2197.1,4.9847E-24
2202.2,4.9956E-24
2207.3,5.0064E-24
2212.3,5.0173E-24
2217.4,5.0282E-24
2222.6,5.0392E-24
2227.7,5.0502E-24
2232.8,5.0612E-24
2238,5.0722E-24
2243.1,5.0832E-24
2248.3,5.0943E-24
2253.5,5.1054E-24
2258.7,5.1166E-24
2263.9,5.1277E-24
2269.1,5.1389E-24
2274.3,5.1501E-24
2279.6,5.1614E-24
2284.8,5.1727E-24
2290.1,5.184E-24
2295.4,5.1953E-24
2300.7,5.2067E-24
2306,5.218E-24
2311.3,5.2295E-24
2316.6,5.2409E-24
2322,5.2524E-24
2327.3,5.2639E-24
2332.7,5.2754E-24
2338.1,5.287E-24
2343.5,5.2985E-24
2348.9,5.3101E-24
2354.3,5.3218E-24
2359.7,5.3335E-24
2365.2,5.3452E-24
2370.6,5.3569E-24
2376.1,5.3686E-24
2381.6,5.3804E-24
2387.1,5.3922E-24
2392.6,5.4041E-24
2398.1,5.4159E-24
2403.6,5.4278E-24
2409.2,5.4398E-24
2414.7,5.4517E-24
2420.3,5.4637E-24
2425.9,5.4757E-24
2431.5,5.4878E-24
2437.1,5.4998E-24
2442.7,5.512E-24
2448.3,5.5241E-24
2454,5.5363E-24
2459.6,5.5484E-24
2465.3,5.5607E-24
2471,5.5729E-24
2476.7,5.5852E-24
2482.4,5.6017E-24
2488.1,5.6099E-24
2493.8,5.6222E-24
2499.6,5.6346E-24
2505.4,5.6471E-24
2511.1,5.6595E-24
2516.9,5.672E-24
2522.7,5.6846E-24
2528.5,5.6971E-24
2534.4,5.7097E-24
2540.2,5.7223E-24
2546.1,5.735E-24
2552,5.7476E-24
2557.8,5.7603E-24
2563.7,5.7731E-24
2569.6,5.7858E-24
2575.6,5.7987E-24
2581.5,5.8115E-24
2587.5,5.8243E-24
2593.4,5.8372E-24
2599.4,5.8502E-24
2605.4,5.8631E-24
2611.4,5.8761E-24
2617.4,5.8891E-24
2623.5,5.9022E-24
2629.5,5.9153E-24
2635.6,5.9284E-24
2641.7,5.9415E-24
2647.8,5.9547E-24
2653.9,5.9679E-24
2660,5.9812E-24
2666.1,5.9944E-24
2672.3,6.0077E-24
2678.4,6.0211E-24
2684.6,6.0345E-24
2690.8,6.0479E-24
2697,6.0613E-24
2703.2,6.0748E-24
2709.5,6.0883E-24
2715.7,6.1018E-24
2722,6.1154E-24
2728.2,6.129E-24
2734.5,6.1426E-24
2740.8,6.1563E-24
2747.2,6.17E-24
2753.5,6.1837E-24
2759.8,6.1975E-24
2766.2,6.2113E-24
2772.6,6.2251E-24
2779,6.239E-24
2785.4,6.2529E-24
2791.8,6.2668E-24
2798.2,6.2807E-24
2804.7,6.2947E-24
2811.2,6.3088E-24
2817.6,6.3228E-24
2824.1,6.3369E-24
2830.7,6.3511E-24
2837.2,6.3652E-24
2843.7,6.3795E-24
2850.3,6.3937E-24
2856.9,6.408E-24
2863.4,6.4223E-24
2870.1,6.4366E-24
2876.7,6.451E-24
2883.3,6.4654E-24
2890,6.4798E-24
2896.6,6.4943E-24
2903.3,6.5088E-24
2910,6.5234E-24
2916.7,6.538E-24
2923.4,6.5526E-24
2930.2,6.5672E-24
2936.9,6.5819E-24
2943.7,6.5966E-24
2950.5,6.6114E-24
2957.3,6.6262E-24
2964.1,6.641E-24
2970.9,6.6559E-24
2977.8,6.6713E-24
2984.7,6.6857E-24
2991.5,6.7007E-24
2998.4,6.7157E-24
3005.4,6.7307E-24
3012.3,6.7458E-24
3019.2,6.7609E-24
3026.2,6.7761E-24
3033.2,6.7913E-24
3040.2,6.8065E-24
3047.2,6.8218E-24
3054.2,6.8371E-24
3061.3,6.8524E-24
3068.3,6.8678E-24
3075.4,6.8832E-24
3082.5,6.8986E-24
3089.6,6.9141E-24
3096.7,6.9296E-24
3103.9,6.9452E-24
3111,6.9608E-24
3118.2,6.9764E-24
3125.4,6.9921E-24
3132.6,7.0078E-24
3139.8,7.0235E-24
3147,7.0393E-24
3154.3,7.0551E-24
3161.6,7.071E-24
3168.9,7.0869E-24
3176.2,7.1028E-24
3183.5,7.1188E-24
3190.8,7.1348E-24
3198.2,7.1509E-24
3205.6,7.1669E-24
3213,7.1831E-24
3220.4,7.1992E-24
3227.8,7.2154E-24
3235.2,7.2317E-24
3242.7,7.2479E-24
3250.2,7.2643E-24
3257.7,7.2806E-24
3265.2,7.297E-24
3272.7,7.3135E-24
3280.3,7.3299E-24
3287.8,7.3464E-24
3295.4,7.363E-24
3303,7.3796E-24
3310.6,7.3962E-24
3318.3,7.4129E-24
3325.9,7.4296E-24
3333.6,7.4464E-24
3341.3,7.4631E-24
3349,7.48E-24
3356.7,7.4968E-24
3364.4,7.5138E-24
3372.2,7.5307E-24
3380,7.5477E-24
3387.8,7.5647E-24
3395.6,7.5818E-24
3403.4,7.5989E-24
3411.3,7.6161E-24
3419.1,7.6333E-24
3427,7.6505E-24
3434.9,7.6678E-24
3442.8,7.6851E-24
3450.8,7.7025E-24
3458.7,7.7199E-24
3466.7,7.7373E-24
3474.7,7.8454E-24
3482.7,7.7723E-24
3490.7,7.7899E-24
3498.8,7.8075E-24
3506.9,7.8251E-24
3514.9,7.8428E-24
3523.1,7.8606E-24
3531.2,7.8784E-24
3539.3,7.8962E-24
3547.5,7.914E-24
3555.7,7.9319E-24
3563.9,7.9499E-24
3572.1,7.9679E-24
3580.3,7.9859E-24
3588.6,8.004E-24
3596.8,8.0221E-24
3605.1,8.0403E-24
3613.5,8.0585E-24
3621.8,8.0767E-24
3630.1,8.095E-24
3638.5,8.1133E-24
3646.9,8.1317E-24
3655.3,8.1501E-24
3663.7,8.1686E-24
3672.2,8.1871E-24
3680.7,8.2057E-24
3689.1,8.2243E-24
3697.7,8.2429E-24
3706.2,8.2616E-24
3714.7,8.2803E-24
3723.3,8.2991E-24
3731.9,8.3179E-24
3740.5,8.3368E-24
3749.1,8.3557E-24
3757.8,8.3746E-24
3766.4,8.3936E-24
3775.1,8.4127E-24
3783.8,8.4318E-24
3792.5,8.4509E-24
3801.3,8.4701E-24
3810,8.4893E-24
3818.8,8.5086E-24
3827.6,8.5279E-24
3836.5,8.5472E-24
3845.3,8.5666E-24
3854.2,8.5861E-24
3863.1,8.6056E-24
3872,8.6251E-24
3880.9,8.6447E-24
3889.9,8.6644E-24
3898.8,8.6841E-24
3907.8,8.7038E-24
3916.8,8.7236E-24
3925.9,8.7434E-24
3934.9,8.7633E-24
3944,8.7832E-24
3953.1,8.8032E-24
3962.2,8.8232E-24
3971.3,8.8439E-24
3980.5,8.8633E-24
3989.7,8.8835E-24
3998.9,8.9037E-24
4008.1,8.9239E-24
4017.3,8.9442E-24
4026.6,8.9646E-24
4035.9,8.985E-24
4045.2,9.0054E-24
4054.5,9.0259E-24
4063.9,9.0465E-24
4073.2,9.0671E-24
4082.6,9.0877E-24
4092.1,9.1084E-24
4101.5,9.1291E-24
4110.9,9.1499E-24
4120.4,9.1707E-24
4129.9,9.1916E-24
4139.5,9.2126E-24
4149,9.2335E-24
4158.6,9.2546E-24
4168.2,9.2756E-24
4177.8,9.2968E-24
4187.4,9.318E-24
4197.1,9.3392E-24
4206.7,9.3605E-24
4216.4,9.3818E-24
4226.2,9.4032E-24
4235.9,9.4246E-24
4245.7,9.4461E-24
4255.5,9.4676E-24
4265.3,9.4892E-24
4275.1,9.5109E-24
4285,9.5326E-24
4294.8,9.5543E-24
4304.8,9.5761E-24
4314.7,9.5979E-24
4324.6,9.6198E-24
4334.6,9.6418E-24
4344.6,9.6638E-24
4354.6,9.6858E-24
4364.7,9.7079E-24
4374.7,9.7301E-24
4384.8,9.7523E-24
4394.9,9.7745E-24
4405.1,9.7968E-24
4415.2,9.8192E-24
4425.4,9.8416E-24
4435.6,9.8641E-24
4445.8,9.8866E-24
4456.1,9.9092E-24
4466.4,9.9319E-24
4476.7,9.9545E-24
4487,9.9772E-24
4497.3,1E-23
4507.7,1.0023E-23
4518.1,1.0046E-23
4528.5,1.0069E-23
4539,1.0092E-23
4549.4,1.0115E-23
4559.9,1.0138E-23
4570.4,1.0161E-23
4581,1.0184E-23
4591.5,1.0208E-23
4602.1,1.0231E-23
4612.7,1.0254E-23
4623.4,1.0278E-23
4634,1.0301E-23
4644.7,1.0325E-23
4655.4,1.0348E-23
4666.2,1.0372E-23
4676.9,1.0396E-23
4687.7,1.042E-23
4698.5,1.0443E-23
4709.4,1.0467E-23
4720.2,1.0491E-23
4731.1,1.0515E-23
4742,1.0539E-23
4752.9,1.0563E-23
4763.9,1.0588E-23
4774.9,1.0612E-23
4785.9,1.0636E-23
4796.9,1.066E-23
4808,1.0685E-23
4819.1,1.0709E-23
4830.2,1.0734E-23
4841.3,1.0758E-23
4852.5,1.0783E-23
4863.7,1.0808E-23
4874.9,1.0833E-23
4886.1,1.0857E-23
4897.4,1.0882E-23
4908.7,1.0907E-23
4920,1.0932E-23
4931.4,1.0957E-23
4942.7,1.0982E-23
4954.1,1.1007E-23
4965.6,1.1033E-23
4977,1.1058E-23
4988.5,1.1083E-23
5000,1.1109E-23
