1.000000000000000082e-05 4.441282356866777001e-14
1.011591112223829695e-05 4.290392800498614223e-14
1.023316578330244899e-05 4.144630439827979630e-14
1.035177955630176194e-05 4.003821044580400876e-14
1.047176819485520245e-05 3.867796305210962046e-14
1.059314763518370065e-05 3.736393631703617004e-14
1.071593399822671096e-05 3.609455959207807598e-14
1.084014359178330984e-05 3.486831560280009744e-14
1.096579291267809966e-05 3.368373863505811183e-14
1.109289864895222712e-05 3.253941278285633383e-14
1.122147768207980256e-05 3.143397025574683417e-14
1.135154708920999101e-05 3.036608974374775314e-14
1.148312414543511069e-05 2.933449483782570828e-14
1.161622632608501823e-05 2.833795250405407772e-14
1.175087130904807549e-05 2.737527160962317388e-14
1.188707697711903343e-05 2.644530149894031736e-14
1.202486142037412267e-05 2.554693061811735135e-14
1.216424293857367937e-05 2.467908518620170507e-14
1.230524004359261647e-05 2.384072791156224037e-14
1.244787146187906222e-05 2.303085675189548078e-14
1.259215613694150976e-05 2.224850371636946751e-14
1.273811323186478452e-05 2.149273370847448836e-14
1.288576213185518003e-05 2.076264340819715963e-14
1.303512244681508904e-05 2.005736019217911362e-14
1.318621401394748594e-05 1.937604109056878744e-14
1.333905690039058705e-05 1.871787177932906696e-14
1.349367140588306531e-05 1.808206560679772564e-14
1.365007806546013744e-05 1.746786265330250793e-14
1.380829765218092365e-05 1.687452882270005030e-14
1.396835117988739660e-05 1.630135496487846692e-14
1.413025990599533632e-05 1.574765602819656922e-14
1.429404533431761129e-05 1.521277024039379822e-14
1.445972921792019565e-05 1.469605831691280184e-14
1.462733356201129868e-05 1.419690269732378890e-14
1.479688062686396383e-05 1.371470680921475103e-14
1.496839293077255598e-05 1.324889435276532254e-14
1.514189325304351951e-05 1.279890860417282235e-14
1.531740463702079875e-05 1.236421175840069602e-14
1.549495039314631713e-05 1.194428431390338563e-14
1.567455410205594862e-05 1.153862442169997683e-14
1.585623961771137294e-05 1.114674718591312666e-14
1.604003107056819902e-05 1.076818419247053704e-14
1.622595287078087002e-05 1.040248330796171395e-14
1.641402971144466496e-05 1.004920774677629098e-14
1.660428657187529514e-05 9.707934255717222060e-15
1.679674872092653225e-05 9.378254029127080203e-15
1.699144172034626135e-05 9.059776881652796555e-15
1.718839142817145670e-05 8.752125634785952537e-15
1.738762400216250392e-05 8.454918864861056294e-15
1.758916590327732596e-05 8.167789088052965371e-15
1.779304389918577364e-05 7.890442876126548550e-15
1.799928506782476521e-05 7.622592999964515586e-15
1.820791680099462562e-05 7.363739822594192806e-15
1.841896680799710997e-05 7.113415194803712874e-15
1.863246311931559903e-05 6.871968501249050599e-15
1.884843409033795474e-05 6.639756041266391901e-15
1.906690840512252017e-05 6.414771267409678655e-15
1.928791508020777896e-05 6.194735999345393053e-15
1.951148346846616547e-05 5.982222436721421466e-15
1.973764326300255428e-05 5.780862661169859561e-15
1.996642450109793374e-05 5.587921425705920888e-15
2.019785756819878213e-05 5.398811550733479297e-15
2.043197320195270527e-05 5.214314097836266724e-15
2.066880249629082024e-05 5.036993466659524317e-15
2.090837690555749843e-05 4.866329519859155611e-15
2.115072824868794552e-05 4.700765214749141576e-15
2.139588871343421495e-05 4.540379840752456415e-15
2.164389086064020347e-05 4.385847036517639605e-15
2.189476762856620837e-05 4.237298836167505323e-15
2.214855233726359179e-05 4.094499339377118479e-15
2.240527869300018224e-05 3.956231246895563107e-15
2.266498079273692845e-05 3.821196268765779516e-15
2.292769312865648647e-05 3.690124261044121423e-15
2.319345059274427543e-05 3.564347512513370088e-15
2.346228848142262524e-05 3.443819521772025061e-15
2.373424250023866352e-05 3.327899895938078204e-15
2.400934876860651764e-05 3.215705417377819627e-15
2.428764382460450616e-05 3.106440318320627139e-15
2.456916462982790237e-05 3.000433919554698481e-15
2.485394857429798490e-05 2.898345449925985009e-15
2.514203348142796490e-05 2.800067032910410311e-15
2.543345761304648090e-05 2.705195032248230669e-15
2.572825967447932223e-05 2.613398105518773639e-15
2.602647881969004482e-05 2.524448322304661214e-15
2.632815465648020122e-05 2.438568128268524115e-15
2.663332725174980827e-05 2.356044276257237937e-15
2.694203713681882141e-05 2.276439700864188073e-15
2.725432531281027978e-05 2.199148679524095293e-15
2.757023325609582679e-05 2.124293499495518533e-15
2.788980292380439574e-05 2.052200612777578839e-15
2.821307675939470740e-05 1.982666540103556692e-15
2.854009769829237591e-05 1.915345090268083679e-15
2.887090917359234806e-05 1.850300701830514637e-15
2.920555512182745176e-05 1.787691178307017574e-15
2.954407998880379912e-05 1.727242531049569748e-15
2.988652873550382686e-05 1.668590131884140766e-15
3.023294684405776334e-05 1.611843054390399669e-15
3.058338032378431524e-05 1.557231990288571531e-15
3.093787571730136646e-05 1.504601721623522010e-15
3.129648010670750265e-05 1.453676722948304905e-15
3.165924111983520818e-05 1.404350674623536751e-15
3.202620693657650487e-05 1.356600936011542952e-15
3.239742629528195378e-05 1.310508720358773450e-15
3.277294849923382338e-05 1.266153476044313039e-15
3.315282342319423014e-05 1.223365113924928811e-15
3.353710152002928861e-05 1.181917418234080980e-15
3.392583382740992125e-05 1.141812948965456818e-15
3.431907197459042598e-05 1.103120360052114518e-15
3.471686818926559409e-05 1.065775956822524946e-15
3.511927530450727994e-05 1.029676287808104692e-15
3.552634676578139125e-05 9.947780493547556804e-16
3.593813663804625562e-05 9.610612299955260311e-16
3.635469961293317630e-05 9.285046227510543486e-16
3.677609101601030897e-05 8.970817577371146808e-16
3.720236681413065894e-05 8.667352428066256264e-16
3.763358362286532385e-05 8.374019828998554465e-16
3.806979871402284228e-05 8.090489016565454853e-16
3.851107002325568519e-05 7.816535267273991417e-16
3.895745615775500812e-05 7.551862753684706483e-16
3.940901640403447737e-05 7.296157854235055787e-16
3.986581073580438997e-05 7.049135784762253265e-16
4.032789982193704951e-05 6.810525261764509791e-16
4.079534503452448896e-05 6.580046289901213689e-16
4.126820845702951608e-05 6.357417920696719635e-16
4.174655289253134888e-05 6.142346341886586076e-16
4.223044187206672164e-05 5.934548445688835954e-16
4.271993966306776293e-05 5.733805777026786355e-16
4.321511127789762110e-05 5.539916348368285163e-16
4.371602248248502334e-05 5.352614732352657699e-16
4.422273980505896747e-05 5.171630081513316415e-16
4.473533054498463085e-05 4.996772051508218002e-16
4.525386278170166862e-05 4.827873322228635881e-16
4.577840538376616169e-05 4.664711902177081046e-16
4.630902801799736631e-05 4.507058689981951014e-16
4.684580115873045137e-05 4.354738872316104338e-16
4.738879609717651056e-05 4.207593954041153651e-16
4.793808495089106934e-05 4.065429718072523816e-16
4.849374067335233355e-05 3.928053233037548664e-16
4.905583706365045348e-05 3.795336739860710193e-16
4.962444877628913165e-05 3.667168591308209697e-16
5.019965133110079395e-05 3.543384600614605340e-16
5.078152112327670659e-05 3.423806309872604474e-16
5.137013543351338728e-05 3.308265356400176202e-16
5.196557243827657098e-05 3.196607516202748557e-16
5.256791122018419400e-05 3.088723185076085876e-16
5.317723177850966352e-05 2.984514977100832976e-16
5.379361503980697789e-05 2.883855936195223992e-16
5.441714286865887681e-05 2.786613130877816275e-16
5.504789807854967469e-05 2.692667689725816652e-16
5.568596444286408510e-05 2.601907109178173917e-16
5.633142670601352036e-05 2.514215772578664057e-16
5.698437059469136365e-05 2.429483742744422047e-16
5.764488282925873171e-05 2.347629263673392221e-16
5.831305113526218489e-05 2.268574948826312627e-16
5.898896425508493637e-05 2.192205559620171944e-16
5.967271195973310562e-05 2.118402633150322127e-16
6.036438506075863543e-05 2.047092734993406158e-16
6.106407542232036346e-05 1.978214005771433312e-16
6.177187597338488134e-05 1.911675864519701090e-16
6.248788072006888211e-05 1.847383235465057873e-16
6.321218475812448011e-05 1.785262965547082386e-16
6.394488428556936667e-05 1.725250011087877870e-16
6.468607661546321112e-05 1.667276212554482519e-16
6.543586018883228584e-05 1.611272488018518959e-16
6.619433458774387382e-05 1.557164528697713922e-16
6.696160054853215278e-05 1.504880571661929021e-16
6.773775997517745325e-05 1.454365946407526938e-16
6.852291595284057120e-05 1.405570418543722984e-16
6.931717276155400522e-05 1.358431678095003082e-16
7.012063589007177199e-05 1.312885989441695234e-16
7.093341204987990039e-05 1.268878481751053828e-16
7.175560918936921718e-05 1.226358688777720831e-16
7.258733650817245705e-05 1.185279061649057541e-16
7.342870447166758088e-05 1.145593321257749659e-16
7.427982482564910469e-05 1.107252740370166270e-16
7.514081061116962114e-05 1.070209318065305011e-16
7.601177617955322144e-05 1.034419080163069108e-16
7.689283720758305352e-05 9.998401856606167576e-17
7.778411071286481921e-05 9.664312189412239116e-17
7.868571506936843291e-05 9.341520212319385707e-17
7.959777002314977982e-05 9.029648227825192704e-17
8.052039670825470135e-05 8.728332656533159442e-17
8.145371766280736284e-05 8.437210654782875867e-17
8.239785684528511741e-05 8.155930378630415799e-17
8.335293965098187206e-05 7.884165850047681206e-17
8.431909292866250367e-05 7.621603266183718959e-17
8.529644499741016815e-05 7.367920526823558850e-17
8.628512566366887437e-05 7.122803674551225091e-17
8.728526623848370818e-05 6.885967977985926258e-17
8.829699955494083421e-05 6.657142814003315389e-17
8.932045998580959297e-05 6.436057717764659155e-17
9.035578346138920045e-05 6.222447973703905761e-17
9.140310748756223216e-05 6.016055588846770836e-17
9.246257116405733111e-05 5.816632000612500053e-17
9.353431520292376886e-05 5.623944375947593705e-17
9.461848194721991974e-05 5.437768780202816019e-17
9.571521538991856182e-05 5.257881603452094851e-17
9.682466119303114621e-05 5.084065981359294663e-17
9.794696670695385331e-05 4.916120433193745057e-17
9.908228099003787580e-05 4.753850714343837945e-17
1.002307548283865436e-04 4.597057672991936962e-17
1.013925407558815276e-04 4.445548082926763596e-17
1.025677930744421868e-04 4.299150158761700854e-17
1.037566678745185890e-04 4.157699905862597816e-17
1.049593230558227707e-04 4.021024362675503766e-17
1.061759183483000125e-04 3.888953762740788824e-17
1.074066153333433420e-04 3.761334282961648666e-17
1.086515774652538379e-04 3.638019773997169734e-17
1.099109700929497193e-04 3.518864932756569022e-17
1.111849604819271041e-04 3.403727927591114835e-17
1.124737178364751899e-04 3.292471043023854689e-17
1.137774133221491354e-04 3.184961428851049608e-17
1.150962200885032326e-04 3.081072769370174473e-17
1.164303132920876748e-04 2.980683488841613708e-17
1.177798701197119304e-04 2.883675209563295355e-17
1.191450698119775949e-04 2.789933281894152170e-17
1.205260936870842587e-04 2.699346986250195376e-17
1.219231251649110739e-04 2.611809338307422831e-17
1.233363497913775981e-04 2.527216806220683199e-17
1.247659552630869643e-04 2.445469459033123597e-17
1.262121314522547384e-04 2.366471473985582369e-17
1.276750704319265669e-04 2.290130268899155738e-17
1.291549665014884106e-04 2.216355255768431408e-17
1.306520162124721288e-04 2.145058820007703049e-17
1.321664183946605190e-04 2.076157578067967848e-17
1.336983741824946607e-04 2.009571135937968251e-17
1.352480870417875451e-04 1.945220719322828636e-17
1.368157627967471913e-04 1.883030059338393456e-17
1.384016096573131502e-04 1.822926328609202150e-17
1.400058382468097589e-04 1.764839270600114058e-17
1.416286616299198848e-04 1.708700231051739898e-17
1.432702953409830901e-04 1.654442820666833581e-17
1.449309574126216591e-04 1.602003752817812585e-17
1.466108684046984459e-04 1.551321977578683608e-17
1.483102514336104446e-04 1.502337716538226999e-17
1.500293322019218239e-04 1.454993094047437280e-17
1.517683390283405451e-04 1.409232765455332789e-17
1.535275028780422768e-04 1.365003364996123973e-17
1.553070573933459984e-04 1.322253014369303951e-17
1.571072389247450316e-04 1.280931505595988873e-17
1.589282865622978103e-04 1.240990377626220396e-17
1.607704421673823735e-04 1.202382855392271339e-17
1.626339504048192157e-04 1.165063895416671425e-17
1.645190587753662351e-04 1.128990002420907375e-17
1.664260176485903616e-04 1.094119063777286922e-17
1.683550802961202269e-04 1.060410328079523387e-17
1.703065029252844313e-04 1.027824248586063720e-17
1.722805447131393918e-04 9.963226327680614923e-18
1.742774678408919205e-04 9.658688946718075782e-18
1.762975375287205730e-04 9.364277422203355406e-18
1.783410220710008080e-04 9.079649161564777537e-18
1.804081928719382670e-04 8.804472382395126322e-18
1.824993244816152445e-04 8.538425131428039459e-18
1.846146946324547647e-04 8.281196640333712453e-18
1.867545842761076063e-04 8.032489896251558750e-18
1.889192776207666380e-04 7.792018227800541016e-18
1.911090621689137778e-04 7.559501771030500967e-18
1.933242287555045097e-04 7.334669495611819679e-18
1.955650715865949168e-04 7.117260494393489943e-18
1.978318882784164360e-04 6.907023012730569355e-18
2.001249798969037010e-04 6.703714073040307762e-18
2.024446509976803791e-04 6.507098970204643813e-18
2.047912096665085318e-04 6.316950906242349545e-18
2.071649675602068924e-04 6.133050640132472000e-18
2.095662399480432926e-04 5.955185929223227404e-18
2.119953457536070929e-04 5.783151537685869882e-18
2.144526075971667385e-04 5.616748958735502152e-18
2.169383518385184322e-04 5.455786610805186475e-18
2.194529086203313715e-04 5.300080646925534171e-18
2.219966119119954869e-04 5.149453363205482207e-18
2.245697995539773994e-04 5.003731208848558925e-18
2.271728133026905069e-04 4.862746350953734491e-18
2.298059988758851082e-04 4.726338290870895290e-18
2.324697059985647986e-04 4.594352103941518815e-18
2.351642884494348565e-04 4.466636731756599281e-18
2.378901041078893431e-04 4.343046115657676625e-18
2.406475150015424170e-04 4.223440355255798707e-18
2.434368873543110473e-04 4.107684349415303196e-18
2.462585916350546540e-04 3.995646402943051048e-18
2.491130026067788590e-04 3.887199220740265013e-18
2.520004993764092018e-04 3.782220981782446408e-18
2.549214654451423018e-04 3.680594079826862742e-18
2.578762887593801043e-04 3.582203916271508060e-18
2.608653617622547997e-04 3.486939571209514304e-18
2.638890814457510296e-04 3.394694151388676201e-18
2.669478494034321025e-04 3.305364560500404985e-18
2.700420718837772652e-04 3.218851627776480498e-18
2.731721598441376204e-04 3.135059493806578801e-18
2.763385290053169780e-04 3.053894830962445844e-18
2.795415999067856643e-04 2.975267491714900855e-18
2.827817979625341181e-04 2.899091261000492645e-18
2.860595535175741895e-04 2.825282872461851576e-18
2.893753019050950264e-04 2.753760973307848291e-18
2.927294835042816242e-04 2.684446921236922779e-18
2.961225437988034676e-04 2.617265525640058095e-18
2.995549334359813402e-04 2.552144245368311094e-18
3.030271082866396216e-04 2.489012500128848632e-18
3.065395295056526901e-04 2.427802084569047644e-18
3.100926635931926419e-04 2.368447534172754886e-18
3.136869824566876504e-04 2.310885612239501605e-18
3.173229634734976343e-04 2.255054728502986612e-18
3.210010895543171532e-04 2.200895443921401520e-18
3.247218492073128513e-04 2.148351070851420200e-18
3.284857366030043374e-04 2.097366912865422732e-18
3.322932516398971773e-04 2.047889555708094317e-18
3.361449000108765071e-04 1.999867357409304290e-18
3.400411932703705929e-04 1.953250803718330371e-18
3.439826489022924688e-04 1.907992158806657175e-18
3.479697903887691386e-04 1.864045234910978795e-18
3.520031472796678832e-04 1.821365398714060479e-18
3.560832552629278054e-04 1.779909474058336138e-18
3.602106562357070192e-04 1.739635805724409663e-18
3.643858983763544296e-04 1.700504352428210931e-18
3.686095362172158059e-04 1.662476509703045879e-18
3.728821307182833642e-04 1.625515010387866707e-18
3.772042493416997554e-04 1.589583859260651817e-18
3.815764661271248614e-04 1.554648201538671961e-18
3.859993617679767291e-04 1.520674426143498497e-18
3.904735236885560211e-04 1.487630306074460239e-18
3.949995461220642823e-04 1.455484731198684009e-18
3.995780301895269734e-04 1.424207412498743639e-18
4.042095839796310290e-04 1.393769127613385730e-18
4.088948226294864268e-04 1.364141952108180906e-18
4.136343684063277602e-04 1.335298969814074760e-18
4.184288507901584705e-04 1.307214037539111138e-18
4.232789065573553029e-04 1.279861919868073823e-18
4.281851798652415507e-04 1.253218383004185348e-18
4.331483223376403108e-04 1.227260065883470989e-18
4.381689931514194582e-04 1.201964386434398709e-18
4.432478591240400501e-04 1.177309547001466403e-18
4.483855948021190545e-04 1.153274507500753327e-18
4.535828825510190908e-04 1.129838976426676007e-18
4.588404126454761296e-04 1.106983405848625246e-18
4.641588833612782196e-04 1.084688948687338397e-18
4.695390010680062978e-04 1.062937434268373970e-18
4.749814803228504748e-04 1.041711339908439610e-18
4.804870439655133953e-04 1.020993774308827918e-18
4.860564232142139006e-04 1.000768428852643693e-18
4.916903577628031373e-04 9.810195048632654017e-19
4.973895958790067184e-04 9.617317586141497698e-19
5.031548945038056761e-04 9.428905348281332976e-19
5.089870193519685114e-04 9.244817058304237738e-19
5.148867450137497919e-04 9.064916385471863224e-19
5.208548550577665184e-04 8.889071799680429368e-19
5.268921421350676549e-04 8.717156477543723652e-19
5.329994080844092930e-04 8.549047922918058814e-19
5.391774640387505179e-04 8.384627426930153306e-19
5.454271305329836403e-04 8.223780376243301080e-19
5.517492376129128854e-04 8.066396437455699749e-19
5.581446249454966122e-04 7.912369246676089474e-19
5.646141419303672649e-04 7.761596413862537055e-19
5.711586478126434762e-04 7.613978966977784013e-19
5.777790117970506940e-04 7.469420668353571139e-19
5.844761131633637767e-04 7.327828583346104557e-19
5.912508413831881436e-04 7.189113572257208264e-19
5.981040962380944435e-04 7.053189599803493041e-19
6.050367879391224625e-04 6.919973280634856394e-19
6.120498372476703168e-04 6.789383889621186392e-19
6.191441755977847598e-04 6.661343069411063262e-19
6.263207452198691922e-04 6.535775193414816086e-19
6.335804992658254208e-04 6.412607842259321598e-19
6.409244019356456464e-04 6.291771053417862382e-19
6.483534286054726779e-04 6.173196773105440731e-19
6.558685659571435525e-04 6.056819105154197407e-19
6.634708121092351002e-04 5.942574332473845828e-19
6.711611767496286933e-04 5.830400872406310619e-19
6.789406812696112013e-04 5.720239292978453965e-19
6.868103588995306923e-04 5.612032083172324503e-19
6.947712548460240100e-04 5.505723402725858170e-19
7.028244264308353096e-04 5.401259321125218932e-19
7.109709432312438749e-04 5.298588154954103486e-19
7.192118872221193223e-04 5.197659857856939370e-19
7.275483529196232748e-04 5.098425427631241422e-19
7.359814475265771296e-04 5.000837428244365411e-19
7.445122910795143496e-04 4.904850323527507474e-19
7.531420165974375561e-04 4.810420132287861845e-19
7.618717702322999347e-04 4.717504236136674179e-19
7.707027114212303652e-04 4.626061435536021606e-19
7.796360130405237399e-04 4.536051979472677538e-19
7.886728615614155540e-04 4.447437488305527572e-19
7.978144572076628855e-04 4.360180923938367928e-19
8.070620141149507367e-04 4.274246498579481813e-19
8.164167604921471590e-04 4.189599526542868058e-19
8.258799387844272151e-04 4.106206580005486326e-19
8.354528058382871408e-04 4.024035622808635178e-19
8.451366330684721229e-04 3.943055851196263072e-19
8.549327066268385105e-04 3.863237620921927897e-19
8.648423275731726865e-04 3.784552432863436888e-19
8.748668120479914266e-04 3.706972873219726546e-19
8.850074914473439122e-04 3.630472681318429233e-19
8.952657125996401179e-04 3.555026800218438309e-19
9.056428379445294243e-04 3.480611317158406470e-19
9.161402457138521178e-04 3.407203430822624967e-19
9.267593301146882789e-04 3.334781471245859617e-19
9.375015015145289968e-04 3.263324919683103599e-19
9.483681866285927856e-04 3.192814395973031084e-19
9.593608287093146345e-04 3.123231673476498368e-19
9.704808877380306743e-04 3.054559614067214341e-19
9.817298406188841586e-04 2.986782056234834202e-19
9.931091813749799713e-04 2.919883988000581278e-19
1.004620421346813248e-03 2.853851706729010516e-19
1.016265089392995096e-03 2.788672659225954992e-19
1.028044732093309679e-03 2.724335357727652324e-19
1.039960913954120214e-03 2.660829419659381966e-19
1.052015217616159145e-03 2.598145554978158276e-19
1.064209244064724582e-03 2.536275596217887652e-19
1.076544612842315982e-03 2.475212516266331697e-19
1.089022962263730540e-03 2.414950408711113470e-19
1.101645949633656921e-03 2.355484491857057610e-19
1.114415251466788041e-03 2.296811049164555393e-19
1.127332563710487130e-03 2.238927354651553860e-19
1.140399601970033122e-03 2.181831732296592355e-19
1.153618101736478534e-03 2.125523610202972576e-19
1.166989818617147380e-03 2.070003386864918298e-19
1.180516528568805639e-03 2.015272309191459405e-19
1.194200028133532475e-03 1.961332519657430367e-19
1.208042134677328851e-03 1.908187068772399066e-19
1.222044686631488684e-03 1.855839799298137626e-19
1.236209543736769200e-03 1.804295232326905327e-19
1.250538587290391272e-03 1.753558590712726381e-19
1.265033720395903781e-03 1.703635835613390065e-19
1.279696868215941504e-03 1.654533444236226305e-19
1.294529978227915981e-03 1.606258192786747535e-19
1.309535020482667771e-03 1.558817220242494893e-19
1.324713987866117399e-03 1.512218028461557632e-19
1.340068896363950761e-03 1.466468347146571885e-19
1.355601785329368925e-03 1.421576058491560364e-19
1.371314717753945684e-03 1.377549037092147653e-19
1.387209780541621062e-03 1.334394973191286996e-19
1.403289084785873256e-03 1.292121381222068271e-19
1.419554766050101563e-03 1.250735585130668593e-19
1.436008984651260603e-03 1.210244538063764157e-19
1.452653925946781202e-03 1.170654663638425591e-19
1.469491800624817164e-03 1.131971848642229574e-19
1.486524844997857194e-03 1.094201437672839687e-19
1.503755321299738400e-03 1.057348049827853597e-19
1.521185517986104949e-03 1.021415410669870124e-19
1.538817750038346368e-03 9.864063855195968626e-20
1.556654359271062099e-03 9.523229906409507486e-20
1.574697714643086797e-03 9.191662663672386825e-20
1.592950212572122977e-03 8.869361819454172665e-20
1.611414277253019837e-03 8.556316452521178357e-20
1.630092360979741193e-03 8.252505171679466546e-20
1.648986944471065013e-03 7.957895200708508206e-20
1.668100537200059227e-03 7.672441508413171569e-20
1.687435677727375672e-03 7.396087663890962660e-20
1.706994934038407906e-03 7.128766700327060944e-20
1.726780903884356060e-03 6.870400139592919330e-20
1.746796215127245774e-03 6.620897285796760719e-20
1.767043526088946754e-03 6.380156238829534806e-20
1.787525525904235402e-03 6.148064611442799547e-20
1.808244934877951829e-03 5.924499679064447452e-20
1.829204504846293749e-03 5.709328946517327215e-20
1.850407019542302115e-03 5.502410106396253991e-20
1.871855294965579265e-03 5.303590995809795628e-20
1.893552179756295304e-03 5.112710731953422176e-20
1.915500555573527823e-03 4.929600693905620434e-20
1.937703337477988952e-03 4.754084717096903037e-20
1.960163474319185500e-03 4.585979475968596280e-20
1.982883949127071596e-03 4.425095282545545600e-20
2.005867779508234156e-03 4.271236781166571844e-20
2.029118018046678195e-03 4.124203723128800214e-20
2.052637752709252084e-03 3.983791857001933319e-20
2.076430107255774777e-03 3.849793325856319262e-20
2.100498241653915316e-03 3.721997113201143937e-20
2.124845352498882720e-03 3.600190024038313837e-20
2.149474673437980470e-03 3.484157524900194910e-20
2.174389475600079814e-03 3.373684393839499874e-20
2.199593068030074750e-03 3.268555414136268605e-20
2.225088798128369450e-03 3.168556172606632142e-20
2.250880052095461867e-03 3.073473951497669375e-20
2.276970255381679901e-03 2.983097891708217231e-20
2.303362873142131284e-03 2.897218991061641932e-20
2.330061410696924844e-03 2.815631775268187552e-20
2.357069413996727789e-03 2.738135889976757281e-20
2.384390470093720581e-03 2.664535291681140342e-20
2.412028207618007077e-03 2.594637708028187955e-20
2.439986297259550199e-03 2.528256240694232705e-20
2.468268452255692556e-03 2.465210506186839033e-20
2.496878428884326609e-03 2.405326208790899321e-20
2.525820026962784671e-03 2.348434954743847181e-20
2.555097090352506824e-03 2.294374966354989138e-20
2.584713507469563968e-03 2.242991581834891993e-20
2.614673211801091940e-03 2.194136997873362909e-20
2.644980182427719966e-03 2.147670083454895984e-20
2.675638444552045497e-03 2.103456586799772854e-20
2.706652070033241288e-03 2.061369125018968814e-20
2.738025177927857611e-03 2.021287270909813434e-20
2.769761935036890721e-03 1.983097732711514786e-20
2.801866556459195207e-03 1.946693659556133594e-20
2.834343306151309184e-03 1.911974001337953808e-20
2.867196497493769945e-03 1.878843789075287184e-20
2.900430493863991651e-03 1.847214114809793726e-20
2.934049709215786998e-03 1.817001814312363497e-20
2.968058608665602276e-03 1.788129316267947634e-20
3.002461709085549064e-03 1.760524130530305198e-20
3.037263579703311511e-03 1.734118403514367856e-20
3.072468842709003348e-03 1.708848758653437091e-20
3.108082173869063970e-03 1.684655990709436700e-20
3.144108303147264728e-03 1.661484971040242403e-20
3.180552015332919948e-03 1.639284601449791084e-20
3.217418150676371654e-03 1.618007193602290682e-20
3.254711605531848163e-03 1.597607937980195919e-20
3.292437333007768984e-03 1.578045015664177175e-20
3.330600343624588386e-03 1.559279582289926647e-20
3.369205705980266984e-03 1.541275364652797056e-20
3.408258547423452002e-03 1.523998401496960846e-20
3.447764054734464220e-03 1.507416824095423756e-20
3.487727474814177487e-03 1.491500584519655348e-20
3.528154115380883159e-03 1.476221451870229945e-20
3.569049345675229679e-03 1.461552962070329463e-20
3.610418597173337477e-03 1.447470267850623483e-20
3.652267364308175480e-03 1.433950139407792246e-20
3.694601205199302477e-03 1.420970467425211673e-20
3.737425742391064371e-03 1.408509732526116375e-20
3.780746663599349276e-03 1.396547605567164433e-20
3.824569722466999305e-03 1.385065401688530779e-20
3.868900739327975347e-03 1.374045322658514438e-20
3.913745601980383668e-03 1.363469990121990443e-20
3.959110266468458469e-03 1.353322734253472073e-20
4.005000757873610970e-03 1.343587636612551286e-20
4.051423171114646934e-03 1.334249543387612413e-20
4.098383671757261509e-03 1.325294194524049541e-20
4.145888496832911101e-03 1.316707784100325362e-20
4.193943955667186335e-03 1.308476542578714641e-20
4.242556430717777174e-03 1.300587336674992130e-20
4.291732378422157684e-03 1.293028152840968775e-20
4.341478330055092809e-03 1.285787350246798029e-20
4.391800892596085977e-03 1.278853144400828142e-20
4.442706749606882902e-03 1.272214170611187514e-20
4.494202662119141725e-03 1.265859787504806171e-20
4.546295469532399616e-03 1.259779747291698803e-20
4.598992090522438167e-03 1.253964045307906201e-20
4.652299523960188969e-03 1.248403033623226122e-20
4.706224849841281720e-03 1.243087486836341496e-20
4.760775230226368428e-03 1.238008423721394867e-20
4.815957910192351227e-03 1.233156907998408933e-20
4.871780218794630885e-03 1.228524450956442321e-20
4.928249570040513054e-03 1.224103410764831659e-20
4.985373463873893699e-03 1.219886257749384005e-20
5.043159487171358993e-03 1.215864960840424139e-20
5.101615314749833284e-03 1.212031864843824893e-20
5.160748710385907809e-03 1.208380284933357677e-20
5.220567527846975073e-03 1.204903758603212321e-20
5.281079711934331088e-03 1.201595620939614896e-20
5.342293299538352150e-03 1.198449520672804780e-20
5.404216420705915298e-03 1.195459768082506608e-20
5.466857299720180412e-03 1.192620728110822598e-20
5.530224256192900478e-03 1.189926286325012565e-20
5.594325706169377133e-03 1.187370687386324496e-20
5.659170163246242738e-03 1.184949148947239111e-20
5.724766239702178301e-03 1.182657093692220103e-20
5.791122647641758041e-03 1.180489761138002250e-20
5.858248200152535966e-03 1.178442477836238466e-20
5.926151812475552276e-03 1.176510649355542739e-20
5.994842503189408769e-03 1.174689987269890583e-20
6.064329395408061575e-03 1.172976783501345158e-20
6.134621717992506419e-03 1.171367370429003760e-20
6.205728806776500406e-03 1.169857686153040234e-20
6.277660105806499857e-03 1.168443945605669854e-20
6.350425168595961664e-03 1.167123116303276730e-20
6.424033659394191159e-03 1.165892255164075944e-20
6.498495354469888304e-03 1.164748105102185216e-20
6.573820143409585606e-03 1.163687538053735153e-20
6.650018030431118291e-03 1.162707751054966933e-20
6.727099135712336607e-03 1.161806137142528150e-20
6.805073696735206880e-03 1.160980303457057667e-20
6.883952069645496441e-03 1.160227925273475665e-20
6.963744730628221996e-03 1.159546600156123456e-20
7.044462277299036630e-03 1.158934028356321434e-20
7.126115430111745405e-03 1.158388082983913686e-20
7.208715033782135163e-03 1.157906807826565801e-20
7.292272058728312828e-03 1.157488493683581430e-20
7.376797602527730875e-03 1.157131521628285674e-20
7.462302891391108146e-03 1.156834267679891606e-20
7.548799281653431614e-03 1.156595121234771414e-20
7.636298261282242067e-03 1.156412392383614489e-20
7.724811451403399733e-03 1.156284584950354341e-20
7.814350607844541483e-03 1.156210652566402430e-20
7.904927622696419562e-03 1.156189561131570706e-20
7.996554525892346499e-03 1.156219998522264625e-20
8.089243486805938743e-03 1.156300762752529432e-20
8.183006815867388886e-03 1.156430975376698541e-20
8.277856966198472027e-03 1.156609839191204650e-20
8.373806535266490117e-03 1.156836536688723472e-20
8.470868266557402340e-03 1.157110336455289094e-20
8.569055051268347975e-03 1.157430653370941611e-20
8.668379930019773361e-03 1.157796870917358507e-20
8.768856094587426653e-03 1.158208147191490833e-20
8.870496889654402514e-03 1.158663818839676919e-20
8.973315814583519498e-03 1.159163720480303604e-20
9.077326525210224414e-03 1.159707710872240251e-20
9.182542835656282154e-03 1.160295417117921677e-20
9.288978720164497299e-03 1.160926485458238919e-20
9.396648314954691300e-03 1.161600642915552209e-20
9.505565920101191960e-03 1.162317739444567263e-20
9.615746001432095430e-03 1.163077846069726614e-20
9.727203192450536648e-03 1.163880977835377855e-20
9.839952296278226679e-03 1.164726848284176869e-20
9.954008287621518916e-03 1.165615383984330682e-20
1.006938631476027128e-02 1.166547130097293686e-20
1.018610170155975249e-02 1.167522504881096831e-20
1.030416994950587514e-02 1.168541276250253369e-20
1.042360673976401239e-02 1.169603394947346960e-20
1.054442793526168438e-02 1.170709501175838634e-20
1.066664958279538861e-02 1.171860255121490339e-20
1.079028791516183604e-02 1.173056019484873933e-20
1.091535935331391059e-02 1.174297138080694679e-20
1.104188050854160164e-02 1.175583972218292830e-20
1.116986818467822530e-02 1.176916997857776361e-20
1.129933938033221737e-02 1.178296926628803390e-20
1.143031129114478565e-02 1.179724536156627130e-20
1.156280131207375328e-02 1.181200614593901995e-20
1.169682703970384603e-02 1.182725935053464052e-20
1.183240627458377950e-02 1.184301168851245579e-20
1.196955702359042868e-02 1.185927078901738909e-20
1.210829750232039412e-02 1.187604646416834504e-20
1.224864613750930795e-02 1.189334877266422286e-20
1.239062156947915577e-02 1.191118695099748204e-20
1.253424265461399421e-02 1.192957156540868816e-20
1.267952846786433996e-02 1.194851620300931743e-20
1.282649830528059809e-02 1.196803366530252503e-20
1.297517168657586796e-02 1.198813296161141577e-20
1.312556835771842845e-02 1.200882478863400466e-20
1.327770829355429116e-02 1.203012495651150198e-20
1.343161170046015297e-02 1.205204931794228212e-20
1.358729901902709127e-02 1.207461115308146820e-20
1.374479092677536630e-02 1.209782494339305363e-20
1.390410834090069665e-02 1.212170841829153670e-20
1.406527242105236331e-02 1.214627957405832275e-20
1.422830457214351897e-02 1.217155503555877730e-20
1.439322644719406505e-02 1.219755158093235777e-20
1.456005995020648487e-02 1.222428617336618143e-20
1.472882723907501835e-02 1.225177834621173075e-20
1.489955072852853710e-02 1.228005304688720120e-20
1.507225309310755539e-02 1.230913384917801213e-20
1.524695727017572923e-02 1.233903794515972804e-20
1.542368646296627364e-02 1.236978484551214672e-20
1.560246414366367983e-02 1.240140129991413947e-20
1.578331405652116590e-02 1.243391450279003275e-20
1.596626022101425152e-02 1.246734899374939503e-20
1.615132693503091438e-02 1.250173069873887296e-20
1.633853877809861993e-02 1.253708879316450148e-20
1.652792061464895476e-02 1.257345292806454112e-20
1.671949759731990170e-02 1.261085154874250632e-20
1.691329517029648705e-02 1.264931485289854581e-20
1.710933907269015022e-02 1.268887651858255018e-20
1.730765534195725930e-02 1.272957158099123334e-20
1.750827031735725098e-02 1.277143567898024553e-20
1.771121064345088786e-02 1.281450507190679772e-20
1.791650327363901452e-02 1.285881583684363896e-20
1.812417547374237797e-02 1.290440600489162500e-20
1.833425482562290806e-02 1.295131691676505939e-20
1.854676923084699544e-02 1.299959299321062307e-20
1.876174691439121481e-02 1.304928303265613859e-20
1.897921642839101378e-02 1.310043497930055908e-20
1.919920665593284614e-02 1.315309117551574134e-20
1.942174681489026306e-02 1.320729797507520309e-20
1.964686646180446514e-02 1.326311152374768577e-20
1.987459549580983947e-02 1.332058975003390721e-20
2.010496416260499145e-02 1.337978900699304880e-20
2.033800305846981960e-02 1.344076813569076669e-20
2.057374313432913659e-02 1.350358996582417443e-20
2.081221569986339143e-02 1.356831964016768586e-20
2.105345242766706176e-02 1.363502371270377695e-20
2.129748535745520921e-02 1.370377144392815792e-20
2.154434690031884619e-02 1.377463519231484603e-20
2.179406984302955860e-02 1.384769150276124837e-20
2.204668735239409885e-02 1.392302260121584526e-20
2.230223297965938656e-02 1.400071416850569508e-20
2.256074066496861416e-02 1.408085437758676599e-20
2.282224474186898486e-02 1.416353452692953622e-20
2.308677994187169694e-02 1.424884852123738834e-20
2.335438139906479207e-02 1.433689621047126576e-20
2.362508465477947475e-02 1.442778633868571019e-20
2.389892566231050300e-02 1.452163123091722511e-20
2.417594079169130966e-02 1.461854360721484284e-20
2.445616683452446483e-02 1.471864285454872292e-20
2.473964100886814205e-02 1.482205875321307750e-20
2.502640096417919208e-02 1.492892688880010259e-20
2.531648478631355614e-02 1.503938684323814783e-20
2.560993100258459471e-02 1.515358444503506491e-20
2.590677858688008803e-02 1.527167232615694194e-20
2.620706696483852613e-02 1.539381232198536442e-20
2.651083601908538895e-02 1.552017835893915374e-20
2.681812609453015570e-02 1.565095157357170444e-20
2.712897800372467139e-02 1.578631749864030875e-20
2.744343303228365463e-02 1.592647376982631933e-20
2.776153294436800936e-02 1.607163594698495787e-20
2.808331998823172457e-02 1.622202789677882222e-20
2.840883690183304208e-02 1.637787612322945174e-20
2.873812691851066262e-02 1.653942160122124230e-20
2.907123377272578454e-02 1.670692743720521735e-20
2.940820170587063812e-02 1.688066969361540299e-20
2.974907547214440673e-02 1.706093400582855922e-20
3.009390034449721182e-02 1.724802217900432169e-20
3.044272212064302874e-02 1.744225649132490925e-20
3.079558712914226559e-02 1.764397715055446622e-20
3.115254223555487950e-02 1.785354316284522625e-20
3.151363484866478992e-02 1.807133307223399536e-20
3.187891292677645649e-02 1.829774668935666540e-20
3.224842498408442282e-02 1.853320642032359250e-20
3.262222009711669701e-02 1.877816036194410716e-20
3.300034791125285027e-02 1.903308150823883017e-20
3.338285864731761060e-02 1.929847001582540741e-20
3.376980310825091619e-02 1.957485313545887142e-20
3.416123268585528200e-02 1.986278772181822324e-20
3.455719936762139538e-02 2.016286267398089298e-20
3.495775574363275268e-02 2.047570516843640357e-20
3.536295501355042614e-02 2.080197399930995918e-20
3.577285099367873145e-02 2.114235904702688029e-20
3.618749812411280187e-02 2.149758618274814124e-20
3.660695147596902677e-02 2.186842477642871664e-20
3.703126675869927026e-02 2.225567998958988184e-20
3.746050032748993175e-02 2.266019393513239548e-20
3.789470919074667404e-02 2.308284342977961264e-20
3.833395101766601254e-02 2.352454365049062654e-20
3.877828414589457040e-02 2.398624310639075056e-20
3.922776758927719321e-02 2.446892898866816693e-20
3.968246104569481819e-02 2.497361177974639009e-20
4.014242490499322219e-02 2.550132336024545324e-20
4.060772025700365440e-02 2.605309635331752333e-20
4.107840889965647113e-02 2.662995334933824270e-20
4.155455334718875099e-02 2.723289859490486102e-20
4.203621683844713935e-02 2.786292368543484742e-20
4.252346334528681743e-02 2.852094235544278289e-20
4.301635758106794882e-02 2.920775073159943553e-20
4.351496500925049887e-02 2.992399854178211358e-20
4.401935185208874501e-02 3.067017108208313946e-20
4.452958509942655380e-02 3.144649687410379395e-20
4.504573251759458330e-02 3.225289203098002544e-20
4.556786265841063915e-02 3.308884657281410862e-20
4.609604486828433600e-02 3.395333862327568385e-20
4.663034929742731344e-02 3.484470970292617879e-20
4.717084690917017209e-02 3.576057857501383294e-20
4.771760948938745528e-02 3.669766853561534977e-20
4.827070965603182801e-02 3.765170852565365081e-20
4.883022086877879947e-02 3.861723712276627278e-20
4.939621743878321036e-02 3.958750525990218762e-20
4.996877453854883799e-02 4.055436056878490185e-20
5.054796821191240297e-02 4.150827174616170091e-20
5.113387538414326111e-02 4.243829762228090492e-20
5.172657387216018920e-02 4.333228076075750498e-20
5.232614239486661767e-02 4.417701371432699077e-20
5.293266058360561466e-02 4.495867102567890882e-20
5.354620899273607876e-02 4.566328059507590965e-20
5.416686911033152113e-02 4.627744431966020652e-20
5.479472336900287344e-02 4.678893536158763039e-20
5.542985515684668851e-02 4.718747848602328537e-20
5.607234882852032976e-02 4.746537514467236423e-20
5.672228971644543288e-02 4.761812666238776933e-20
5.737976414214134013e-02 4.764463478382519163e-20
5.804485942768977669e-02 4.754732220106910409e-20
5.871766390733255264e-02 4.733192360323743999e-20
5.939826693920356032e-02 4.700714001785917973e-20
6.008675891719687107e-02 4.658400566891415383e-20
6.078323128297229844e-02 4.607524773104420714e-20
6.148777653810023197e-02 4.549452198281050164e-20
6.220048825634711537e-02 4.485575877324765113e-20
6.292146109610344262e-02 4.417263198264328461e-20
6.365079081295571539e-02 4.345812296017227766e-20
6.438857427240420039e-02 4.272418095503601864e-20
6.513490946272802729e-02 4.198149705723068569e-20
6.588989550799949357e-02 4.123947585611773156e-20
6.665363268124913088e-02 4.050619262404494758e-20
6.742622241778342684e-02 3.978849402577192898e-20
6.820776732865685421e-02 3.909203348486309485e-20
6.899837121430017761e-02 3.842145916283432689e-20
6.979813907830660635e-02 3.778046637045502210e-20
7.060717714137772216e-02 3.717202985940930603e-20
7.142559285543126357e-02 3.659844346301595672e-20
7.225349491787214085e-02 3.606152271925979291e-20
7.309099328602911005e-02 3.556260457821872702e-20
7.393819919175866062e-02 3.510276024595616668e-20
7.479522515621821188e-02 3.468276517993324621e-20
7.566218500481054765e-02 3.430328237937753724e-20
7.653919388230147336e-02 3.396479783981593546e-20
7.742636826811269413e-02 3.366780883073428381e-20
7.832382599179196769e-02 3.341273966515027716e-20
7.923168624866253062e-02 3.320010697719592119e-20
8.015006961565404597e-02 3.303041170759569622e-20
8.107909806731686264e-02 3.290431997230839918e-20
8.201889499202202893e-02 3.282254777717870534e-20
8.296958520834907258e-02 3.278602477925807509e-20
8.393129498166364277e-02 3.279576487137062110e-20
8.490415204088747059e-02 3.285304101917891869e-20
8.588828559546249353e-02 3.295925236585782837e-20
8.688382635251183650e-02 3.311609825240112614e-20
8.789090653419955046e-02 3.332544367500192041e-20
8.890965989529157898e-02 3.358948466664498164e-20
8.994022174092043687e-02 3.391060964591374276e-20
9.098272894455558535e-02 3.429156319786281942e-20
9.203731996618221001e-02 3.473530954642521819e-20
9.310413487069074678e-02 3.524516969229788970e-20
9.418331534647951531e-02 3.582467894099176632e-20
9.527500472427290201e-02 3.647768401239438447e-20
9.637934799615785475e-02 3.720818757153864411e-20
9.749649183484086767e-02 3.802037441998553501e-20
9.862658461312820424e-02 3.891843138067289462e-20
9.976977642363200893e-02 3.990639157485589959e-20
1.009262190987048335e-01 4.098784655022786565e-20
1.020960662306047567e-01 4.216565375499183124e-20
1.032794731918952463e-01 4.344160016153558554e-20
1.044765971560805279e-01 4.481555953848856152e-20
1.056875971184805113e-01 4.628483529799925565e-20
1.069126339173477186e-01 4.784298073689872068e-20
1.081518702552289185e-01 4.947905924559847765e-20
1.094054707205743548e-01 5.117590143664958746e-20
1.106736018095974550e-01 5.290954160279701675e-20
1.119564319483879467e-01 5.464745907303839321e-20
1.132541315152812700e-01 5.634918807154252560e-20
1.145668728634872680e-01 5.796603799892866437e-20
1.158948303439811811e-01 5.944472059726491635e-20
1.172381803286599716e-01 6.072981821763363156e-20
1.185971012337670577e-01 6.177095203714409826e-20
1.199717735435885529e-01 6.252725635525122084e-20
1.213623798344241750e-01 6.297502512259057197e-20
1.227691047988360429e-01 6.310941461014953326e-20
1.241921352701784581e-01 6.294712134933196415e-20
1.256316602474121524e-01 6.252212685374621095e-20
1.270878709202059587e-01 6.188260121132307332e-20
1.285609606943296512e-01 6.108343304620204890e-20
1.300511252173409960e-01 6.018179789555295333e-20
1.315585624045705337e-01 5.923176876971084597e-20
1.330834724654076096e-01 5.828208697812687343e-20
1.346260579298911020e-01 5.737449565600781652e-20
1.361865236756082675e-01 5.654358357029546293e-20
1.377650769549055021e-01 5.581777965637546985e-20
1.393619274224143501e-01 5.521981047946206569e-20
1.409772871628967583e-01 5.476883516635363066e-20
1.426113707194129887e-01 5.448051333485890682e-20
1.442643951218158804e-01 5.436952746249395003e-20
1.459365799155757648e-01 5.444895750701846826e-20
1.476281471909391130e-01 5.473289860706605349e-20
1.493393216124253298e-01 5.523515267284506141e-20
1.510703304486655518e-01 5.597191540720729641e-20
1.528214036025870859e-01 5.695987928151753276e-20
1.545927736419478449e-01 5.821866776953649969e-20
1.563846758302247786e-01 5.976818873464534274e-20
1.581973481578601570e-01 6.163033853119512205e-20
1.600310313738701751e-01 6.382511883560335873e-20
1.618859690178199306e-01 6.636980368685143710e-20
1.637624074521689121e-01 6.927214370745961520e-20
1.656605958949915192e-01 7.252449521903625309e-20
1.675807864530768909e-01 7.609240848452463475e-20
1.695232341554121502e-01 7.989989736347869074e-20
1.714881969870540868e-01 8.381520198552090649e-20
1.734759359233932485e-01 8.763615060413650282e-20
1.754867149648152158e-01 9.109861265228079772e-20
1.775208011717636092e-01 9.389724796274016457e-20
1.795784647002096890e-01 9.575662828697539621e-20
1.816599788375328484e-01 9.649477802781582634e-20
1.837656200388172456e-01 9.609746299252165837e-20
1.858956679635688225e-01 9.470770139673217903e-20
1.880504055128583429e-01 9.259418943050398136e-20
1.902301188668945875e-01 9.006115001616792597e-20
1.924350975230332272e-01 8.739858595875498891e-20
1.946656343342263173e-01 8.483671720794146083e-20
1.969220255479173509e-01 8.254620521473299039e-20
1.992045708453871189e-01 8.064227435742679105e-20
2.015135733815558439e-01 7.920122931557893494e-20
2.038493398252464173e-01 7.827530097329328804e-20
2.062121803999144576e-01 7.790206203954875550e-20
2.086024089248504909e-01 7.811698130111995229e-20
2.110203428568596662e-01 7.895372736529853042e-20
2.134663033324245562e-01 8.045383939316981390e-20
2.159406152103567622e-01 8.265901296689919075e-20
2.184436071149428449e-01 8.561662855151314599e-20
2.209756114795903281e-01 8.935955698150792057e-20
2.235369645909796588e-01 9.389823327088449583e-20
2.261280066337279515e-01 9.917256970431055952e-20
2.287490817355704031e-01 1.050136640036922998e-19
2.314005380130653988e-01 1.110614263935233922e-19
2.340827276178294447e-01 1.167351700945173609e-19
2.367960067833078663e-01 1.212567355693741129e-19
2.395407358720879343e-01 1.238649810959307656e-19
2.423172794237600791e-01 1.241208073188756156e-19
2.451260062033339682e-01 1.221385428979734112e-19
2.479672892502160220e-01 1.185315510227453374e-19
2.508415059277541159e-01 1.141096734723757620e-19
2.537490379733571833e-01 1.096246426448479051e-19
2.566902715491952147e-01 1.056064825852221112e-19
2.596655972934872603e-01 1.024051035112475620e-19
2.626754103723838440e-01 1.002069037088015971e-19
2.657201105324506485e-01 9.914035171995331643e-20
2.688001021537607671e-01 9.928236049724900005e-20
2.719157943036019098e-01 1.007254492021701756e-19
2.750676007908067211e-01 1.035613507297462750e-19
2.782559402207125943e-01 1.079005802967938979e-19
2.814812360507581435e-01 1.138370960312058733e-19
2.847439166467247706e-01 1.213664672017118248e-19
2.880444153396297668e-01 1.302795642349842971e-19
2.913831704832788860e-01 1.398570007029177957e-19
2.947606255124858854e-01 1.487604660415678207e-19
2.981772290019673588e-01 1.549741952821548678e-19
3.016334347259197468e-01 1.568428718655842547e-19
3.051297017182870719e-01 1.540116433019625595e-19
3.086664943337274480e-01 1.478673290215569695e-19
3.122442823092858033e-01 1.404336051187309836e-19
3.158635408267819189e-01 1.333849181709793259e-19
3.195247505759213347e-01 1.277746981431643254e-19
3.232283978181380579e-01 1.240652003083242247e-19
3.269749744511767919e-01 1.225491735233120007e-19
3.307649780744242318e-01 1.233250130762187925e-19
3.345989120549974771e-01 1.265924148378501434e-19
3.384772855945982761e-01 1.324846024989646690e-19
3.424006137971425390e-01 1.411333836337736349e-19
3.463694177371734462e-01 1.523734778638677999e-19
3.503842245290675894e-01 1.651863550263139921e-19
3.544455673970435816e-01 1.773086359069800402e-19
3.585539857459816848e-01 1.848345593279682953e-19
3.627100252330648367e-01 1.849978246163893403e-19
3.669142378402494020e-01 1.780808572872475413e-19
3.711671819475766965e-01 1.677332271685616730e-19
3.754694224073336639e-01 1.575086100971451898e-19
3.798215306190736440e-01 1.494966714873802531e-19
3.842240846055061110e-01 1.447543387681870828e-19
3.886776690892667641e-01 1.436544378140054984e-19
3.931828755705770173e-01 1.464429966697131619e-19
3.977403024058036585e-01 1.534198821919221550e-19
4.023505548869293347e-01 1.648409309218368492e-19
4.070142453219439127e-01 1.804440794657272456e-19
4.117319931161679269e-01 1.982538021996771711e-19
4.165044248545184957e-01 2.130949639121722142e-19
4.213321743847289191e-01 2.179931002110357896e-19
4.262158829015325057e-01 2.107252149379556590e-19
4.311561990318228399e-01 1.966115010254884799e-19
4.361537789208005944e-01 1.824845409111238793e-19
4.412092863191189873e-01 1.722479256880797888e-19
4.463233926710397093e-01 1.673570017716476163e-19
4.514967772036102001e-01 1.683247876532842497e-19
4.567301270168747096e-01 1.755415355706696069e-19
4.620241371751312998e-01 1.893686374301206067e-19
4.673795107992463338e-01 2.092943426430768518e-19
4.727969591600390542e-01 2.315041640178258712e-19
4.782772017727485170e-01 2.463466877295268631e-19
4.838209664925957054e-01 2.441373205788756186e-19
4.894289896114531468e-01 2.278135098921072784e-19
4.951020159556351330e-01 2.087728676437777361e-19
5.008407989848212560e-01 1.947132487549957992e-19
5.066461008921268050e-01 1.883468878739927548e-19
5.125186927053332342e-01 1.904846221814264546e-19
5.184593543892912493e-01 2.017617327123430239e-19
5.244688749495118874e-01 2.225728209156938107e-19
5.305480525369574707e-01 2.504943672940112723e-19
5.366976945540475885e-01 2.745708940242570584e-19
5.429186177618943177e-01 2.774360237500656592e-19
5.492116483887788947e-01 2.581584259476158578e-19
5.555776222398878250e-01 2.339395239554383312e-19
5.620173848083187540e-01 2.171085214245827341e-19
5.685317913873753071e-01 2.114919676525684652e-19
5.751217071841613349e-01 2.181074672937147964e-19
5.817880074344935482e-01 2.377339558819046363e-19
5.885315775191450882e-01 2.691229462706655616e-19
5.953533130814370189e-01 3.008429413715047614e-19
6.022541201461928395e-01 3.077729557912493723e-19
6.092349152400711176e-01 2.842277837384776274e-19
6.162966255132942273e-01 2.547050437856607438e-19
6.234401888627864041e-01 2.362701919423431825e-19
6.306665540567405470e-01 2.333501977447910716e-19
6.379766808606281980e-01 2.472095268851104497e-19
6.453715401646702432e-01 2.784832308862399936e-19
6.528521141127847649e-01 3.198662500684456131e-19
6.604193962330304757e-01 3.411630783809311544e-19
6.680743915695614987e-01 3.191958538923149025e-19
6.758181168161110364e-01 2.828079886406470221e-19
6.836516004510237998e-01 2.599212605428500480e-19
6.915758828738525210e-01 2.576304365974202018e-19
6.995920165435374205e-01 2.775841618771013691e-19
7.077010661181889484e-01 3.192772667442506321e-19
7.159041085964887863e-01 3.637577103189148159e-19
7.242022334607315370e-01 3.633452997795301316e-19
7.325965428215229780e-01 3.218024865045895339e-19
7.410881515641569717e-01 2.870376401108436180e-19
7.496781874966876869e-01 2.772350114035897649e-19
7.583677914997191127e-01 2.954651122116768414e-19
7.671581176779301847e-01 3.420804485870326032e-19
7.760503335133570602e-01 3.949122438986382433e-19
7.850456200204509738e-01 3.911321205293935614e-19
7.941451719029339884e-01 3.409514863014785229e-19
8.033501977124734017e-01 3.057993165075296195e-19
8.126619200091945716e-01 3.038584742881398525e-19
8.220815755240540312e-01 3.379451284132245503e-19
8.316104153230962082e-01 4.010782586333538397e-19
8.412497049736118448e-01 4.319933671217951599e-19
8.510007247122246543e-01 3.840101262596497184e-19
8.608647696149244188e-01 3.340288821880579339e-19
8.708431497690723999e-01 3.225738331999518067e-19
8.809371904473990433e-01 3.551776940523274115e-19
8.911482322840201808e-01 4.262753162492043677e-19
9.014776314524917122e-01 4.630869725089071155e-19
9.119267598459298574e-01 4.060998030810592870e-19
9.224970052592174063e-01 3.533675384778309564e-19
9.331897715733238341e-01 3.498164432364383125e-19
9.440064789417603741e-01 4.005296380633031563e-19
9.549485639791965852e-01 4.814800570647153401e-19
9.660174799522646127e-01 4.726662323391675268e-19
9.772146969725724608e-01 3.970980443882086382e-19
9.885417021919573610e-01 3.658588485302231500e-19
1.000000000000000000e+00 3.984987781620554626e-19
